i	n	method	time	mu_1	mu_2	mu_3	mu_4
1	10000	gibbs	807.63	0.00575284653828004	4.99137004368125	9.98746243208172	19.9971407173282
1	10000	cavi	0.240000000000009	0.00319293355972435	4.98844044604315	10.0066397796311	20.0122198748819
2	10000	gibbs	813.877	-0.0380868751564613	5.00619233274768	10.013808513129	19.9798595228164
2	10000	cavi	0.238000000000056	-0.0224552033346472	5.00700835377536	9.98110620371989	19.9568534802556
3	10000	gibbs	891.533	0.0248094174290359	5.03710553224478	9.98877891944695	19.9917986879812
3	10000	cavi	0.259999999999991	-0.00125893656368117	4.99769356299535	10.0105365303242	20.018959080777
4	10000	gibbs	905.203	-0.0167127330514806	5.00160073696476	10.0287852843401	20.0102512608664
4	10000	cavi	0.25	-0.00935104606329608	4.98471832554007	10.0192820972509	19.9853242586471
5	10000	gibbs	909.279	0.0462155298592934	5.04092834284873	9.9397163719884	19.9641524853907
5	10000	cavi	0.274000000000001	0.0316856350735553	5.05044406708242	9.97043808859946	19.9684697186921
6	10000	gibbs	915.161	0.000180526491808986	4.93046092415229	9.9546765701909	19.987127412153
6	10000	cavi	0.283999999999992	0.00241569716237731	4.96984971752882	9.96594654173045	19.9858829930109
7	10000	gibbs	903.594	0.00502112821750127	4.99736316729155	9.97815410404695	19.9907490672586
7	10000	cavi	0.279999999999973	-0.00254751674004119	5.01039743545506	9.96629186954185	19.9697758414047
8	10000	gibbs	887.387	0.0122749966828071	4.98652544683338	10.0014721896045	20.0132195129801
8	10000	cavi	0.26400000000001	0.0332638566715212	4.99172337159045	10.0100979468321	19.9883279510155
9	10000	gibbs	880.289	0.0185539772833853	5.05906120093082	9.98469404745823	20.0430355256268
9	10000	cavi	0.283999999999992	0.00872033085587607	5.01536553071873	9.96919797869533	19.9928990902904
10	10000	gibbs	886.455	0.0141686477723118	4.97771101779023	10.0041043154974	19.9922329080894
10	10000	cavi	0.245000000000005	0.00701773484428839	4.95497401678576	9.98654064712325	20.0130554802677
11	10000	gibbs	886.197	-0.0695970944102681	5.03967758672042	9.98495176297481	20.0025430520042
11	10000	cavi	0.261999999999944	-0.0613339966527385	5.03485844819344	9.99643804858145	19.994234031036
12	10000	gibbs	883.608	0.0347016588181209	5.04108179702301	10.0061171136112	19.9864937077827
12	10000	cavi	0.267000000000053	0.0317077577680677	5.01160960574686	9.9895403685823	19.9941786168788
13	10000	gibbs	882.254	1.67037496742455	8.91028681238829	19.9340334888996	20.1313095734085
13	10000	cavi	0.26400000000001	-0.0245147580319783	4.96529909635676	9.97986434925446	20.0171084754174
14	10000	gibbs	883.132	0.0329801162515627	4.98464773091833	10.0149782205531	20.0191008977965
14	10000	cavi	0.264999999999986	0.0102120737885612	4.99172040367285	9.98209688438885	20.0335355878025
15	10000	gibbs	886.932	0.014073790391361	5.01167549939272	9.9997657716144	20.0210419969983
15	10000	cavi	0.250999999999976	0.00517732188611836	5.02165154633009	9.98308173403593	20.0111237332481
16	10000	gibbs	883.753	0.00665442521494146	5.01725907432223	10.006437474163	19.9880710380395
16	10000	cavi	0.246000000000095	0.00994312167209259	5.01935655156353	10.0075139155787	19.9753882073699
17	10000	gibbs	1266.93	0.0224430585861085	4.93683162187456	10.0354994424966	19.9714835487514
17	10000	cavi	0.366999999999962	-0.000143126504962559	4.95733636559255	10.0524309389771	19.9643214028422
18	10000	gibbs	1271.987	0.0490508723416365	4.97248959028585	10.0067547943869	19.9836731984907
18	10000	cavi	0.366999999999962	0.0134974453721463	4.96712204482549	9.98784254309211	19.9724288686197
19	10000	gibbs	1274.937	0.0341452675437376	4.99307414935178	10.0211153787	19.9625474638996
19	10000	cavi	0.396000000000186	0.0186449045787415	4.98348986599614	10.0276103542297	19.9599158138069
20	10000	gibbs	1256.436	-0.0162466434769237	4.9931401541477	10.0194058160078	19.9569598018665
20	10000	cavi	0.420000000000073	-0.0262328204729481	5.00118735304235	9.99794015916105	19.9980494779167
21	10000	gibbs	1255.813	-0.0562161483836522	5.00460660129971	9.99619813472448	20.0016708587084
21	10000	cavi	0.377999999999929	-0.0199427433254227	5.02022298905057	9.98859540700966	20.0081603101852
22	10000	gibbs	1268.026	0.00620627470336717	4.96989021679948	10.0202616174263	19.9648153790129
22	10000	cavi	0.423000000000002	-0.0285418212060766	4.97605432417072	10.0276955599504	19.9742350450301
23	10000	gibbs	1263.781	-0.028607878580591	4.99396432627099	9.97233919449109	19.9637498952187
23	10000	cavi	0.375	0.00321934478874157	4.97496776123416	10.008509817741	19.9680786068419
24	10000	gibbs	1294.885	1.62166566850062	8.73932206215133	19.8118911886962	20.123980424887
24	10000	cavi	0.380999999999858	0.053146126754095	4.99107315574279	10.0492964476234	19.9900356697879
25	10000	gibbs	1304.012	-0.0431425777028646	5.00705238172346	9.95167615576091	20.0111726443918
25	10000	cavi	0.380999999999858	-0.0488721407884965	5.01518447609296	9.95539070243661	19.9914738668808
26	10000	gibbs	1291.004	0.00579337718601398	5.02217387015591	9.98411139296492	20.0195463166292
26	10000	cavi	0.40300000000002	0.0224748671433772	5.01147220372084	9.99685523144748	20.0378414758173
27	10000	gibbs	1296.172	-0.0203498122766801	4.99538197414667	10.0005609851237	19.9713993095526
27	10000	cavi	0.40099999999984	-0.0268710662775019	4.98957531020151	9.99413701259467	19.974559262986
28	10000	gibbs	1292.565	0.0301219748230808	5.02395604033368	10.0406242327527	20.0218396190745
28	10000	cavi	0.380000000000109	0.00932072600415704	5.02298784937114	10.0002832418324	20.0172018600938
29	10000	gibbs	1303.079	0.00452197267194827	5.02241747077406	9.94233761663384	20.0381819141922
29	10000	cavi	0.386999999999944	0.0202965589512529	5.01207270609959	9.99692240377711	19.9895725154808
30	10000	gibbs	1292.245	0.0236340123972374	5.00474603832768	9.9476399563083	19.9728643551429
30	10000	cavi	0.416999999999916	0.00312148086432919	5.01848916702696	9.96686759772034	19.9762626004029
31	10000	gibbs	1292.761	-0.00508334447913434	4.99699609614497	10.0258673981567	20.0242668362018
31	10000	cavi	0.379000000000133	-0.01668104954199	5.0188306620298	9.9995230595115	19.9920065798483
32	10000	gibbs	1296.16	-0.0176300376689404	4.95748596104757	9.97140125973457	20.0304272305507
32	10000	cavi	0.373000000000047	0.0143326755051256	4.97194351658361	9.96499036948808	19.9950385613758
33	10000	gibbs	1296.872	0.00814356544078327	5.01301168175176	9.97811235194182	20.0032450849335
33	10000	cavi	0.38799999999992	0.0256404270210793	5.02034127651573	9.97768249282429	19.9718367374012
34	10000	gibbs	1294.935	0.00705489686293648	5.03372256728708	9.94245940121964	20.0131268014377
34	10000	cavi	8.50599999999986	0.0153631890725447	5.02759594269168	9.96418398451181	19.9926268530498
35	10000	gibbs	1295.077	-0.0390453068129097	4.9900854612533	9.99458175060541	19.9722797266254
35	10000	cavi	0.384000000000015	-0.0290800657732242	5.00051242406502	10.0160227508064	19.9704167035343
36	10000	gibbs	815.159	-0.0137681666610244	4.99201410920223	10.017968179308	19.9850174958019
36	10000	cavi	0.231999999999971	0.000419303498056942	4.97610329608993	10.0002284140325	19.9711887013123
37	10000	gibbs	813.546	-0.01273820998909	4.98976214891234	10.018453939349	19.9428511930592
37	10000	cavi	0.229000000000042	-0.0117816005737776	4.99382517473233	10.0071125516721	19.9535183137878
38	10000	gibbs	896.664	-0.00447527111106608	4.99876811367102	9.98644473514071	20.0291014966655
38	10000	cavi	0.267999999999915	-0.00367868705643854	5.00245578112596	10.0074061064302	19.9853003752125
39	10000	gibbs	880.584	0.0155491592889477	4.94890705933124	10.0313177308332	20.0055308795568
39	10000	cavi	0.245000000000005	-0.0061421367437078	4.96784934176169	10.0053613437946	19.9939582580814
40	10000	gibbs	909.264	0.0108172869973145	4.96932188832172	10.0003768447744	19.9197865351345
40	10000	cavi	0.288000000000011	-0.00463722799887124	5.01985817150761	10.0009040500706	19.9497034413901
41	10000	gibbs	909.305	0.0257564547473209	4.95027442479	9.98654935093845	20.0001672047177
41	10000	cavi	0.270999999999958	4.93858350900273e-05	4.95323559262021	9.99587488177253	20.0055796758428
42	10000	gibbs	912.505	0.0130956439900877	4.98977887650033	9.96797239958152	20.0054934674785
42	10000	cavi	0.251999999999953	-0.00457735758790593	5.00486622750984	10.010790026332	20.0024808162851
43	10000	gibbs	911.287	1.30294390847159	8.43654406796544	19.8130440357015	20.179741591679
43	10000	cavi	0.258000000000038	-0.0178724502394287	4.99971557216397	9.98851574904596	20.0050897930483
44	10000	gibbs	905.602	0.0317794282743908	4.99138561253493	9.98064370225818	19.9995882214524
44	10000	cavi	0.26299999999992	0.0251216418203218	5.00788502444262	10.0058295617215	20.0110078948972
45	10000	gibbs	910.078	0.00400633867266698	5.04967373994744	10.0235346407775	20.0622239043892
45	10000	cavi	0.256000000000085	-0.00305715056363551	5.01973095534726	10.0132957886396	20.0537193872893
46	10000	gibbs	907.283	0.0363812925424149	5.02828191028516	10.0035535330794	19.9499378177662
46	10000	cavi	0.260999999999967	-0.0089590766809668	5.00635405310522	9.98354540917955	19.9416226004982
47	10000	gibbs	908.013	-0.0205477033552283	5.00601079020247	9.9749674986963	19.9687904912851
47	10000	cavi	0.269000000000005	-0.0147002568208561	4.98037880800034	10.0033845550058	19.9949526488051
48	10000	gibbs	907.634	0.00225860319474949	4.94099617636644	9.98005295673125	20.0207440185818
48	10000	cavi	0.280000000000086	0.0234319862243081	4.97895745098109	9.9857609647773	20.0341775726239
49	10000	gibbs	911.674	0.000365454049683362	4.96541084935213	10.0174518529243	19.9817716900399
49	10000	cavi	0.271999999999935	-0.0021517784548301	4.99695805150637	9.99228799658832	19.9965007530015
50	10000	gibbs	922.133	0.00313917057060277	4.9863376537141	10.0636202895585	19.9345808507518
50	10000	cavi	0.240000000000009	0.0103223873940267	5.00276408851405	10.05603979309	19.9636055682382
51	10000	gibbs	914.065	-0.0597107669164782	4.98748310663092	9.99464345865999	20.0204614107245
51	10000	cavi	0.243000000000052	-0.0210325203044292	4.99396318227924	10.0294509064159	20.0058898157012
52	10000	gibbs	917.798	-0.022291331294513	5.05886388992549	10.0455491095962	20.0277833995842
52	10000	cavi	0.249000000000024	-0.0301517660182284	5.01986383587549	10.0388847023296	19.9966016401602
53	10000	gibbs	908.166	-0.0488492722166954	4.97488614584638	9.97882287390026	19.9866912250339
53	10000	cavi	0.263000000000034	-0.0378878012763089	4.96006342825682	9.96912851307349	19.9977722920142
54	10000	gibbs	910.795	0.0554957213305521	4.98373943367945	9.99229557119855	19.9931430248407
54	10000	cavi	0.260999999999967	0.0363031861722037	4.98310213869982	9.97224812228331	19.9998035176236
55	10000	gibbs	908.672	0.00301572898708367	5.02417689732008	9.98529342504499	19.9507567385842
55	10000	cavi	0.269999999999982	-0.00112094356317665	5.02569685911054	9.99225143171561	19.9634841099147
56	10000	gibbs	919.936	-0.0143836273232737	4.99291697630685	10.0102724633069	19.9895526558797
56	10000	cavi	0.246999999999957	-0.00936764336638008	5.00518028871129	10.0106235242898	19.9830604995129
57	10000	gibbs	907.909	0.036439084310414	5.03267162387281	10.0056455124673	20.011820538105
57	10000	cavi	0.268000000000029	0.0185447099003013	5.00902765036415	10.0069585103871	19.9871873608137
58	10000	gibbs	903.906	-0.0178236081254985	5.02843672959561	9.96292920127756	20.0091285023025
58	10000	cavi	0.260999999999967	-0.010138376536239	5.03416220090943	9.97223731043245	20.0033580728684
59	10000	gibbs	911.678	-0.019611837907873	4.92191600046776	9.98156794736622	19.9170262733466
59	10000	cavi	0.281000000000063	-0.0173210354028435	4.9620577244513	9.97685454221915	19.9273937334133
60	10000	gibbs	903.881	0.025515736011558	4.99833040706201	10.0538821452647	19.9453678581052
60	10000	cavi	0.27800000000002	0.0369232426247935	5.00231013762597	10.0268297441984	19.9573552626898
61	10000	gibbs	908.127	-0.0163995927450157	4.98786799694559	9.93910485986896	19.9652362183841
61	10000	cavi	0.267000000000053	-0.0108862903493435	4.98527074981624	9.93467585093605	19.9628171430252
62	10000	gibbs	904.301	0.0149766085482261	5.02401500140677	9.87527159768652	20.0153521095239
62	10000	cavi	0.273000000000025	-0.012439921260414	4.99255955791313	9.92479733912554	19.9897033097347
63	10000	gibbs	907.072	0.0173991061210841	4.96825803987554	10.0218524352086	19.943543656958
63	10000	cavi	0.274000000000001	0.014442851718348	4.99571469843215	9.99320856479348	19.9714508236777
64	10000	gibbs	1333.087	-0.0294774327203529	4.99148820390255	9.98610654680129	20.0313119765523
64	10000	cavi	0.396999999999935	-0.0340104078439716	4.99180275427026	9.99811126470842	20.023686357917
65	10000	gibbs	1298.323	-0.00930514590301511	4.95517960621197	10.026489060966	19.9620871832133
65	10000	cavi	0.365000000000009	0.00574087305979567	4.99813704655689	10.0043420003799	19.9629583844608
66	10000	gibbs	1301.562	-0.0119425811776122	5.00348972664546	9.95642860754584	20.0060998094844
66	10000	cavi	0.352999999999838	-0.0161023237993223	4.95627335102466	9.95726602059437	20.0038506169609
67	10000	gibbs	1300.439	-0.0413248308911946	5.01293907150966	9.96697616483177	19.9904960839229
67	10000	cavi	0.374000000000024	0.0152163297333953	5.00527343388702	9.99706968273614	19.9967136519334
68	10000	gibbs	816.641	0.0448422068685282	4.98179682008698	9.94923083412833	20.0065493038418
68	10000	cavi	0.222999999999956	0.018835828921346	5.01399951656311	9.96580226665198	19.9605530323717
69	10000	gibbs	910.221	1.14053083412532	8.4002035365296	19.9048889662886	20.014557081761
69	10000	cavi	0.266999999999939	-0.00701212178256152	5.02617217382877	9.98745206918462	19.9956065540186
70	10000	gibbs	906.435	0.0275828839307474	5.02035660902028	10.0000345608994	20.02369286838
70	10000	cavi	0.271999999999935	0.0252732765302302	5.00107596240718	9.99724879833203	20.0068612856506
71	10000	gibbs	910.656	1.2112447225352	8.38823093844096	19.9969422929376	20.0621224268178
71	10000	cavi	0.269000000000005	-0.00297137122512643	5.02391193497077	9.99673109694486	20.0136521543701
72	10000	gibbs	911.476	-6.10342295207789e-05	5.02574818650554	9.97974398551215	19.9601152819186
72	10000	cavi	0.259999999999991	0.0135820537681846	5.0171431359299	10.0047056790642	19.9764879398875
73	10000	gibbs	911.01	0.0201412646829826	4.98086997199043	9.99572200405283	20.0059724185994
73	10000	cavi	0.27800000000002	0.0142695210180319	5.00109117577279	10.0184749913008	20.0111288798428
74	10000	gibbs	906.116	-0.0204587295231152	5.0034070835676	10.0239960483584	19.9649728899928
74	10000	cavi	0.259000000000015	0.0182767847684101	5.01568054848225	10.0084022805601	19.9671695057281
75	10000	gibbs	911.241	-0.00854871544999597	4.98219383547206	10.0181195861932	19.9679989025711
75	10000	cavi	0.257999999999925	-0.0085113847690587	4.99464172059904	10.0309317913782	19.9839076085294
76	10000	gibbs	911.043	-0.00214657845779233	5.05851066677485	10.0285318265409	20.0117725521382
76	10000	cavi	5.72799999999995	0.00495876709365475	5.03256565492076	10.0223063966782	19.9854768234312
77	10000	gibbs	908.982	0.0177369336439584	5.02648709047693	10.016824065866	19.9585759705886
77	10000	cavi	0.278999999999996	0.0244403801926039	5.01237579236821	10.0243230173357	19.9948257473572
78	10000	gibbs	910.039	0.025687596504952	5.0155435393444	10.0101863439785	20.0131484172971
78	10000	cavi	0.259999999999991	0.0199836644773635	4.98569985741305	10.0042964482027	20.0198220490957
79	10000	gibbs	907.134	0.0179986083686983	4.99795023808625	10.0219902100606	19.9268713831667
79	10000	cavi	0.262000000000057	0.014261264088183	4.97889872353706	10.0271884371516	19.9522938072144
80	10000	gibbs	910.333	0.0198312317426722	5.047523206208	9.9900912186748	19.97869581947
80	10000	cavi	0.267999999999915	0.0048566831236208	4.99934568905364	9.99035365301769	19.9859777743441
81	10000	gibbs	909.029	0.0371679954951211	4.99874071373864	9.94146439199042	19.993361245527
81	10000	cavi	0.269999999999982	0.00373620797333015	5.00362424978073	9.97817314214453	19.9782469247125
82	10000	gibbs	907.033	-0.00843106354665348	4.9878983539349	9.99590062398294	20.0086818563609
82	10000	cavi	0.274000000000001	-0.0194908403460056	5.00830146009446	10.0130304469415	19.9830049841127
83	10000	gibbs	906.934	0.0130485549882746	5.0078357313388	9.97485095940869	19.9614797255391
83	10000	cavi	0.261999999999944	0.0064461411352393	4.98529176045033	9.98547873484779	19.9768624490267
84	10000	gibbs	917.825	0.0279302754225358	4.96928067607069	9.99207787782144	19.9949086213983
84	10000	cavi	0.290000000000077	0.0303055037372035	4.96541586681317	10.0058513600829	19.9836174491609
85	10000	gibbs	907.275	-0.0221165077328914	5.04175048419674	10.0110138971494	19.9563642371003
85	10000	cavi	0.250999999999976	-0.0301583349883492	4.99156135909729	9.99410136870424	19.9785188195211
86	10000	gibbs	911.852	0.0161801784023124	5.00444944454476	9.97865482864304	19.981673553177
86	10000	cavi	0.263000000000034	0.0147963410936202	5.01932393666949	9.98241856325371	19.9953540442127
87	10000	gibbs	907.522	-0.0171777895806505	5.00239493997424	9.97045569631268	20.007661998309
87	10000	cavi	0.271000000000072	-0.0190823318952858	4.98438600986512	9.96364939193637	20.0077595169854
88	10000	gibbs	887.076	0.0397664156993408	4.99072512923308	10.0139090664416	19.9673748927209
88	10000	cavi	5.72900000000004	0.0149152864375676	5.01161599405911	10.0226158485429	19.9620263702449
89	10000	gibbs	891.771	-0.0381092536528282	4.9825341164512	10.0330439746375	20.0137830126796
89	10000	cavi	0.277999999999906	-0.0145058917960653	4.9867321257275	9.99126079838934	20.0037721373075
90	10000	gibbs	1257.738	-0.0163573946824996	4.98945614601386	10.0283602540412	20.0264449707845
90	10000	cavi	0.395999999999958	-0.00866966147111211	4.96931117694844	10.0020068637858	20.0136582598671
91	10000	gibbs	1254.964	-0.0233910434054097	4.95388831893091	9.98009377095476	19.9789508135188
91	10000	cavi	0.392000000000053	-0.00766663243115854	4.97808630847787	9.97341034245483	19.9750175054023
92	10000	gibbs	721.711	-0.0314026412509506	5.00727378941397	10.0356134641561	20.0022077953705
92	10000	cavi	0.223999999999933	-0.0238377647394946	4.98393138051876	10.0177990814684	19.9796553092461
93	10000	gibbs	715.961	0.0179713500372484	4.96632614003498	10.0082757613616	20.0213188176273
93	10000	cavi	0.226999999999975	0.0076845261026585	4.98445540904867	9.98334669596075	20.0333784227795
94	10000	gibbs	716.838	0.0018591486213263	4.99079228799037	9.96669925098188	19.9408691863332
94	10000	cavi	0.233000000000061	-0.0070962240788568	4.9917467553205	9.9672088551207	19.9518654986717
95	10000	gibbs	745.839	0.00350316263464028	4.97564997625724	9.98469704361257	19.9971401462293
95	10000	cavi	0.231999999999971	-0.0175983473930388	4.96240075544109	9.96432942870691	19.9879736548997
96	10000	gibbs	745.591	0.0358816135856363	4.99119029044386	9.93267490802254	19.975776239963
96	10000	cavi	0.260999999999967	0.0436137956558495	4.98939366823819	9.9555306925226	20.0059281508034
97	10000	gibbs	726.399	0.0263550781348279	5.0125796718689	10.0212087828691	20.0070151764603
97	10000	cavi	0.253000000000043	0.0237749505223291	5.01803569529826	10.0096393083713	20.0078153033997
98	10000	gibbs	683.295	-0.010188858330491	5.02103048581707	9.98944138411306	19.993305296397
98	10000	cavi	0.216000000000008	-0.0335779962967367	4.99909819010006	9.99699950659778	19.9589144939326
99	10000	gibbs	682.27	0.0492252842081938	4.93636958147846	9.95996399509126	20.0267516979346
99	10000	cavi	0.240000000000009	0.0496079318574678	4.9543707333697	9.97801781203417	20.0334850107454
100	10000	gibbs	745.919	-0.0129384716086949	4.98434027054527	9.9665766427992	19.991221968883
100	10000	cavi	0.245000000000005	-0.027909190338153	4.99769948510308	9.97815058864601	19.9845405466205
101	10000	gibbs	1278.848	0.0338681019044916	5.00382088951555	10.0404438418435	19.9775121253976
101	10000	cavi	0.404999999999973	-0.00922256220712893	5.02946040393742	10.0095888557324	20.0080202869756
102	10000	gibbs	1278.814	1.26512254211409	8.49792166290135	19.9699521351196	20.0271350623911
102	10000	cavi	0.420000000000073	-0.0226198198462173	5.03368692960904	9.99825303190002	19.998520472906
103	10000	gibbs	1273.259	-0.0194264497432899	5.02689522239126	10.0142654338679	19.9671579347719
103	10000	cavi	0.417000000000144	-0.00679295922027417	5.00012119158024	10.02227797834	19.9993472711005
104	10000	gibbs	1281.703	-0.0211548404591934	4.96104336771543	9.9695926156542	19.9632353711668
104	10000	cavi	0.378999999999905	-0.0106337897428693	4.99412020452827	9.96975842558337	19.9751774347769
105	10000	gibbs	1279.01	-0.0173228964592451	4.99560845744093	9.91949545655333	19.9537828268366
105	10000	cavi	0.407000000000153	-0.0138310093791656	4.99179505494705	9.99714882091895	19.9779648885388
106	10000	gibbs	1285.104	0.0228932537116195	5.02969913607387	9.98828429710208	19.9900408936278
106	10000	cavi	0.365000000000009	0.0228181248001738	5.03093744684935	9.9902635389003	19.9873342736504
107	10000	gibbs	903.782	0.00419976073581557	5.02510324359376	10.0464432004872	20.0200933060861
107	10000	cavi	0.233000000000061	0.000580922544685734	5.02194905436327	10.0246003993035	19.9836638661687
108	10000	gibbs	887.781	0.0579256238813502	4.99622379831568	10.0009265535701	19.9986598292936
108	10000	cavi	0.259999999999991	0.0178071789062107	5.00053693169111	10.0345103509497	19.9776950894541
109	10000	gibbs	884.758	-0.0240684196842159	4.94035341029779	9.96816850845682	19.9951590679196
109	10000	cavi	0.273000000000025	-0.0351156388973142	4.95981422579043	9.99519096588012	19.9742959972826
110	10000	gibbs	885.706	0.0264432575486243	4.98697500463183	10.0497823927861	20.0129030117191
110	10000	cavi	0.270999999999958	0.015264827240566	4.97383349019756	10.0389350440211	19.9930982375669
111	10000	gibbs	903.082	-0.0548035942449768	4.99355276334629	10.0308011863196	19.9903114271644
111	10000	cavi	0.291000000000054	-0.038976913507613	4.97195687638174	10.0158036731102	20.0047378637614
112	10000	gibbs	887.959	0.0115309350562737	4.95296857895566	9.99624164826705	19.9878796585619
112	10000	cavi	0.261000000000081	0.00535088052002349	4.95270218051122	10.0125817025454	20.001623887462
113	10000	gibbs	907.217	0.00283826339697437	4.9364117391309	9.97117017891709	19.9663251478498
113	10000	cavi	0.274999999999977	-0.00406440969098134	4.95563942375865	10.0011942372427	19.9585403127177
114	10000	gibbs	907.493	-0.0277344528519977	4.95643584124347	9.92313631454185	19.9740711084315
114	10000	cavi	0.277999999999906	-0.00619789619363063	4.9896563768179	9.97547959364506	19.9998271469422
115	10000	gibbs	900.22	-0.0115658587894606	4.98426779184311	9.97414379473269	19.9777918718383
115	10000	cavi	0.280999999999949	-0.0226099287082772	4.96908615444784	10.0008706228826	19.9862203625421
116	10000	gibbs	873.934	0.000428391974989711	4.96867749809431	10.0358880181731	20.0177566318925
116	10000	cavi	0.269000000000005	-0.00925293155738759	4.97161143412492	10.0169660841666	20.0048398506682
117	10000	gibbs	896.966	-0.00101524943375208	5.04483065840309	10.0126018069472	19.9879303095832
117	10000	cavi	0.262000000000057	0.0154211588993834	5.01982936486816	10.041420011233	19.9707196218746
118	10000	gibbs	904.272	0.0389311668731417	4.99424294110744	10.0221251402997	19.9780822340156
118	10000	cavi	0.274000000000001	0.00188250155564321	4.989774331838	10.0159151427696	19.9749788159212
119	10000	gibbs	914.759	-0.00350905642542835	5.00623023162437	9.98020156124919	20.0340724237687
119	10000	cavi	0.262000000000057	-0.0100922017549271	4.98804771467324	9.98896067714036	20.0226353675423
120	10000	gibbs	885.53	-0.000880892233137453	4.92851095287025	9.91214654996931	19.9768836841054
120	10000	cavi	0.273000000000025	0.00309836869417869	4.96681868321906	9.94437526714435	20.0169845182886
121	10000	gibbs	881.034	0.0027305592247586	5.02595104196254	10.0077044318054	19.992353855153
121	10000	cavi	0.270999999999958	0.00102953399157561	5.02021870278038	9.9763699998047	19.988309417175
122	10000	gibbs	878.073	0.0386788624897459	5.00234445677966	10.0132980370589	19.9893902455284
122	10000	cavi	0.301000000000045	0.0113781981892631	5.01858461024027	10.0091149102923	19.9906573522903
123	10000	gibbs	873.893	0.0225324931319017	4.98614357229374	9.98182074017253	20.0241685867157
123	10000	cavi	0.269000000000005	0.0111978677391576	5.00065388210316	9.98379895007424	20.0070751049361
124	10000	gibbs	913.066	0.0063727668648091	5.00311185070974	9.95683563648535	20.0123053101043
124	10000	cavi	0.259999999999991	-0.00507929568503919	4.99582434239897	9.99128676693706	20.0035336663276
125	10000	gibbs	904.267	-0.0210077783193331	4.99519561740328	9.99798050066426	19.9860109607659
125	10000	cavi	0.274000000000001	-0.00919535410548832	5.00966520329132	9.99911710498344	19.9982466092137
126	10000	gibbs	903.282	-0.029023299966097	5.05531710658724	9.95072539135562	19.9751787981528
126	10000	cavi	0.268000000000029	-0.0182208461548433	5.01781154868241	9.97527702911828	19.9743592212755
127	10000	gibbs	905.975	0.0328481907704935	4.9972503431681	9.95990115231879	19.9964452983314
127	10000	cavi	0.273000000000025	-0.0086082754284485	5.01280812783352	9.98700108411226	19.9964456230936
128	10000	gibbs	910.782	-0.062054756699381	4.99528796214183	9.99432894261306	20.0439561807717
128	10000	cavi	0.282000000000039	-0.040733170495677	4.98162800553971	9.99042691004902	20.0117884092889
129	10000	gibbs	884.104	0.0898264470509418	5.01236957657185	9.98499402167043	19.9423675000081
129	10000	cavi	0.261999999999944	0.0474391741255054	5.01685050547688	9.98179840358904	19.9653887946599
130	10000	gibbs	905.15	-0.0155679651339606	4.95882056792328	10.0275852797712	20.0104468598755
130	10000	cavi	0.271999999999935	-0.0100472351720244	4.98600064533208	10.0052982115915	19.9972440539762
131	10000	gibbs	913.878	0.040184436340333	5.0188779804877	9.99287790715603	19.9737597026908
131	10000	cavi	0.283999999999992	0.0254199024839961	5.00598654963757	10.008329125292	19.9748109822312
132	10000	gibbs	903.558	-0.00596640481576441	4.99861700885024	10.0125262443655	19.9824637119841
132	10000	cavi	0.281999999999925	-0.0203363201761236	5.02803822155375	9.98815706654537	19.9953640921138
133	10000	gibbs	909.029	0.00782968194790975	5.00655614482319	9.9585494465894	20.0038429014322
133	10000	cavi	0.282000000000039	0.000708046965005979	5.00544620765939	9.96192871179231	20.0028618581031
134	10000	gibbs	887.357	0.00375632926056949	5.00332261357215	9.98620844764404	19.9601581458663
134	10000	cavi	0.272000000000048	0.00848653620220132	5.01223784015754	9.99887284069191	19.9597420841838
135	10000	gibbs	895.34	0.0273994345708517	5.01892472239922	10.0085836989083	19.961190419346
135	10000	cavi	0.269999999999982	-0.00242846352596521	5.0263070757119	10.0276440403922	19.9512411559893
136	10000	gibbs	904.758	-0.00770633276067116	4.95197016222494	9.98303514231611	20.0249294317873
136	10000	cavi	5.89100000000008	-0.0190894891243995	4.98681761604397	9.97923791773672	20.0192496898715
137	10000	gibbs	903.042	0.0604867286708598	4.96516627562018	10.0500323667795	19.966610870372
137	10000	cavi	0.270999999999958	0.025617158104922	4.98898348483609	10.0261909415698	19.9798648618199
138	10000	gibbs	917.449	-0.016205043018901	4.97428984229732	9.98331966628024	19.9522898529981
138	10000	cavi	0.274000000000001	0.000339276288443891	5.01941784063461	10.0032352158939	19.9687871399528
139	10000	gibbs	911.105	0.0266360750022193	5.008834738832	10.0019145780193	19.9326215720456
139	10000	cavi	0.261999999999944	0.0430655973268345	5.00219189450614	10.026342035869	19.9457416762627
140	10000	gibbs	890.414	-0.0263251853781248	4.99096571261743	9.97506878740046	20.0077942906696
140	10000	cavi	0.279999999999973	0.00661361611490838	5.01770680933258	9.9889098874726	19.9816286043668
141	10000	gibbs	913.036	-0.000218917786842038	4.99786695740981	10.0682949800681	20.0134539469766
141	10000	cavi	0.272000000000048	0.0187175864308041	5.00120991902833	10.025775852418	19.9952290089015
142	10000	gibbs	890.769	0.0297582804924895	4.99537811619478	10.0268934002507	20.0019413779793
142	10000	cavi	0.274000000000001	0.0069953054386131	4.98016098831308	10.0037496621732	20.0049289483081
143	10000	gibbs	887.783	-0.026918511007251	4.99103076902114	10.0178880718178	19.9900491406499
143	10000	cavi	3.14700000000005	1.17839223567279	8.44595718069042	19.7111597963946	20.2329936494392
144	10000	gibbs	895.655	-0.0135104838737915	5.01392235236325	10.0257997540402	19.9235133150764
144	10000	cavi	0.260999999999967	-0.0309242136388792	4.98193430436344	9.9971354780433	19.9810906265476
145	10000	gibbs	883.147	0.01304921415208	5.0203409650511	10.0199524325673	20.0004834230586
145	10000	cavi	0.272000000000048	0.00924993939822727	4.98412309526995	9.99941776827194	20.002625074621
146	10000	gibbs	906.482	0.00321272752151007	4.99636669356488	9.94029291970645	19.9736834757677
146	10000	cavi	0.274000000000001	0.0186056403297034	5.02449007091989	9.95579372148345	19.9823457861028
147	10000	gibbs	915.785	1.15812066612654	8.30748318804749	19.9254134602587	20.0045158186418
147	10000	cavi	0.290000000000077	-0.0116500447002975	4.99782053459423	9.98954144310131	19.9892274067402
148	10000	gibbs	905.501	-0.0397205191172541	5.02079449068568	9.96591205855589	20.0119524937289
148	10000	cavi	0.272000000000048	-0.028737655900025	5.0219433184706	9.95651881658792	19.9858806903028
149	10000	gibbs	910.597	0.000702792944609772	4.97647254197641	10.0361628634749	20.0081466204614
149	10000	cavi	0.260999999999967	-0.000552196922995068	4.97879401781247	10.0190778370712	19.9958264995796
150	10000	gibbs	886.797	-0.00924082676527653	5.02745852514622	9.95610983222768	20.0333369994222
150	10000	cavi	0.260999999999967	0.0090096654881057	4.98492105737065	9.98762493785251	20.0059873453253
151	10000	gibbs	891.564	0.00754579806390831	4.95364071902404	9.9955402365588	20.0241181262136
151	10000	cavi	0.280000000000086	0.0208263505369606	4.95399492472887	9.96929835940509	20.0210248083169
152	10000	gibbs	889.955	-0.0265392213828575	4.95139871550667	10.021300042688	19.9828169389091
152	10000	cavi	0.288999999999987	0.0260052302200224	4.94378051547787	9.9908357905068	19.9794016314536
153	10000	gibbs	911.846	0.0131596336298906	5.01422301025673	10.0131746438194	19.978581393486
153	10000	cavi	0.272000000000048	-0.0105440262237801	4.98704496977438	10.0071098354898	19.9963248276886
154	10000	gibbs	913.615	1.49193041246488	8.63641261575388	19.9788341492944	19.9883617938487
154	10000	cavi	0.271999999999935	0.0126452119851321	4.9801799128685	9.98708431987317	19.9791776857249
155	10000	gibbs	909.133	0.0285129291281666	4.991002174435	9.98684294991706	19.9533504121059
155	10000	cavi	0.259999999999991	-0.00119311118340513	4.96941083992725	10.0001143052989	19.9648335815254
156	10000	gibbs	895.151	-0.0482226510116849	5.02849541879583	9.96627314996572	19.9218420195373
156	10000	cavi	0.262000000000057	-0.0342867468752972	5.01370778996211	9.9902125989363	19.9601265016742
157	10000	gibbs	893.62	0.0306552414283434	4.98757754554665	9.96558960648664	20.0000468614181
157	10000	cavi	0.250999999999976	0.0136488386255672	4.97905185495569	9.98343623578377	19.9812209128224
158	10000	gibbs	887.104	-0.0455675327937355	4.95579991884501	10.0042475209619	20.0150760269646
158	10000	cavi	0.270999999999958	-0.0774107963317059	4.95661349328055	10.0042743049352	20.0119936346226
159	10000	gibbs	885.472	0.0637092322219344	4.98193182897963	9.9573836288753	20.021515180568
159	10000	cavi	0.270999999999958	0.0253689257341178	4.99623689187921	9.96813705330065	20.0201312363526
160	10000	gibbs	921.416	0.00635629754479077	5.02263126195233	10.0158804272874	20.031422423579
160	10000	cavi	0.283999999999992	-0.0222001999041737	4.99471027071761	9.998316418175	20.0239597138451
161	10000	gibbs	906.44	0.0475918546790674	5.02714193062381	10.0175017602666	20.0251594354526
161	10000	cavi	0.289999999999964	0.0179362670529569	5.00475765213921	10.0103561363724	19.9935677136347
162	10000	gibbs	916.69	0.0224818549682392	4.9903749995249	10.0212361505648	19.9865064895102
162	10000	cavi	0.29200000000003	0.00329828503005681	5.00935081161123	9.95798725369317	19.9808215239053
163	10000	gibbs	894.096	0.0170180993598949	5.01545684572978	10.0018855159685	20.0348773775768
163	10000	cavi	0.273000000000025	0.0281935131413579	4.98758502662382	10.0004685033362	19.9900761436383
164	10000	gibbs	892.406	0.0317846649156081	4.98391964682128	9.9620578474966	20.015526845595
164	10000	cavi	0.261000000000081	-0.000126652178891729	5.00002119304227	9.98176259778593	19.997298530532
165	10000	gibbs	892.593	0.0263681775102188	5.00306932843498	9.9594302518641	19.9746915876549
165	10000	cavi	0.283000000000015	0.0293234065889018	4.98899798936845	9.9869599202191	19.9882525608256
166	10000	gibbs	906.031	0.0707439668434698	5.00323171093223	10.044492411413	19.9761088032184
166	10000	cavi	0.259000000000015	0.0227160882532817	5.00431731344752	10.0292045511198	19.9627861169327
167	10000	gibbs	907.563	0.0256851463637278	5.03165032396391	9.99557825495875	19.9832204638242
167	10000	cavi	0.279999999999973	0.0333852368872917	5.01639922797267	9.98937504838058	19.9918846090651
168	10000	gibbs	891.306	0.0164602063987097	5.00515862502061	10.0160381702242	19.9984774120424
168	10000	cavi	0.282000000000039	0.014266695526982	4.99834736149354	9.99597929732476	19.9908512810438
169	10000	gibbs	911.37	0.0229587638769057	5.02743308512255	10.0378030892494	19.9819035376391
169	10000	cavi	0.266999999999939	0.0112116418772885	5.00120600314223	10.0108325018184	19.9822704443919
170	10000	gibbs	917.756	-0.037338946249499	4.97856201658275	9.96334820349944	20.0263041516895
170	10000	cavi	0.273000000000025	-0.0138617486679903	4.99973143937475	9.99045029607923	19.9942169239943
171	10000	gibbs	750.237	-0.083999189855912	5.04042759219856	10.033347705337	19.9859196594293
171	10000	cavi	0.240000000000009	-0.0653089813830254	5.00923217507073	10.011506384782	20.0231098918158
172	10000	gibbs	757.214	0.0228841490724494	5.02188125824529	9.98617199872971	20.0073171320625
172	10000	cavi	0.247999999999934	0.0369982897618355	5.02952763857102	9.98415783369351	20.0267663295782
173	10000	gibbs	759.99	0.0127348487755751	5.03366291845923	9.99335575814887	19.9868289504693
173	10000	cavi	0.245000000000005	-0.00575328755025966	5.01365176875687	9.97552584251586	20.0168624546525
174	10000	gibbs	758.303	-0.0341540942568758	4.99241597131498	10.0431565038558	19.9785315900406
174	10000	cavi	0.222999999999956	-0.0121391878564773	4.97113512001199	9.9949225716994	19.9660161095852
175	10000	gibbs	762.377	0.0206818826709196	4.99160725087183	10.0405151552628	19.995735704318
175	10000	cavi	0.232999999999947	0.0218507573609421	4.97194593655116	9.99715762607754	20.0052192725115
176	10000	gibbs	1285.9	0.070903373595716	5.06240390392509	10.0381325526482	19.9888435305585
176	10000	cavi	0.37700000000018	0.0432528902783746	4.99912727655484	10.013672502539	19.9847559439084
177	10000	gibbs	1278.575	-0.00829884679503946	4.97186790485519	9.99493897964874	20.0270082783637
177	10000	cavi	0.408999999999878	-0.00995537103147132	5.00591310806374	9.99896030541695	20.0036229153122
178	10000	gibbs	1283.262	0.017765634538201	4.99800113874728	9.99281544082685	20.0118099042673
178	10000	cavi	8.85199999999986	-0.00750864302925231	4.99391905710649	10.0083634035961	19.9933759837649
179	10000	gibbs	1294.292	0.0300396681283832	5.04839133619689	9.99062056850207	20.0100438396249
179	10000	cavi	0.369999999999891	0.00643429296791031	4.99764331080561	10.0149465064194	20.0044726625602
180	10000	gibbs	1294.674	0.0589200021993707	4.94580820058036	9.98670927211809	20.0196106274048
180	10000	cavi	0.389000000000124	0.029719423832173	4.9414902406246	9.96930344454135	20.0099032895497
181	10000	gibbs	1286.033	-0.0599923232680215	4.96881622386619	10.0169935213313	20.00390513212
181	10000	cavi	0.363000000000056	-0.0297278387550623	4.95838895243873	9.98715988611266	20.0001538305077
182	10000	gibbs	1287.883	-0.00577088533523896	5.00814285282769	10.0063419838974	20.0018939657442
182	10000	cavi	0.373000000000047	-0.0170679455520477	5.01160677550022	10.0382692627003	19.9973076615933
183	10000	gibbs	1291.309	0.030840205086259	4.94325726700439	10.0505864003338	19.9641042537681
183	10000	cavi	0.384000000000015	0.00592932411293904	4.96048722243656	10.0143938061569	19.9618487380662
184	10000	gibbs	1282.848	0.00809984829865063	4.99955788114671	10.0124140802353	19.9863232002157
184	10000	cavi	0.423000000000002	0.0112321319243189	4.98207268298077	10.000420925592	19.9871421111049
185	10000	gibbs	1284.433	-0.0285988245690738	5.02907143119045	9.97995736623314	19.984432840882
185	10000	cavi	0.369000000000142	0.0112429644649583	5.00844464308488	10.0129541320436	20.0049841819114
186	10000	gibbs	1289.792	-0.000111756020077456	5.02971164417967	9.99315353530257	20.0417993483758
186	10000	cavi	0.393000000000029	0.0118383417019596	4.99613135881017	10.0033885208678	20.0142612692365
187	10000	gibbs	1291.051	-0.0290112362629849	4.97340546601076	10.0651551331468	19.9963032954851
187	10000	cavi	0.382000000000062	-0.000249548743165	4.99607555312443	10.0537216443362	20.0259765368297
188	10000	gibbs	1289.115	-0.0116843913555412	5.03367345768032	10.0189595491395	19.9707024178358
188	10000	cavi	0.375	-0.00871699068795889	5.01517736191219	10.0005013771089	19.9494862577834
189	10000	gibbs	1298.957	0.0232301468567807	5.01973392366707	10.0007308507865	19.9683895069469
189	10000	cavi	0.426000000000158	-0.00403244584473069	5.00204428054571	9.99357149831263	19.97515143549
190	10000	gibbs	1294.33	0.0130409713165914	5.01430231450084	9.97963400504529	20.0104683511418
190	10000	cavi	0.377999999999929	0.00550879136855314	4.98593543845416	9.99621363990437	19.9910433710135
191	10000	gibbs	1296.841	-0.0226668819075466	4.95132082061025	9.96241198831671	19.923319344242
191	10000	cavi	0.409000000000106	-0.000187098937885835	4.96437534598046	9.97520585194213	19.9510973730136
192	10000	gibbs	1294.479	-0.0129087734260361	4.95484030067715	9.92190592731271	19.9669672918365
192	10000	cavi	0.396999999999935	-0.00747611843419721	4.98132350355602	9.9578490591279	19.9837735195179
193	10000	gibbs	1298.607	0.00256404696428636	4.9725730934287	10.0143022735076	19.9969415949226
193	10000	cavi	0.383000000000038	0.00283397049536914	4.923456613431	9.99637756403516	19.9796091882944
194	10000	gibbs	1291.931	-0.0525471445649215	5.01359907856531	9.96528435724782	19.9714415463193
194	10000	cavi	0.423999999999978	-0.0369011704623546	5.00896979184116	9.98159096257912	19.9774348305781
195	10000	gibbs	1299.837	0.00925270607252426	4.96602316428714	10.0164330914019	19.990758272654
195	10000	cavi	0.373000000000047	0.0153467571089487	4.98758178524388	9.99609969278093	20.0165098416733
196	10000	gibbs	1298.53	0.0295289383418203	5.01860851890913	9.95161379757666	19.9782455831183
196	10000	cavi	0.401000000000067	-0.017366070872908	4.97086524638971	9.97236233110074	19.9651612716782
197	10000	gibbs	1306.764	0.0335000835470784	4.99322099210451	9.98327590255412	19.9971581820711
197	10000	cavi	0.423000000000002	-0.0152062577624543	4.9941693912055	9.96158808023887	19.9855171712716
198	10000	gibbs	1299.88	0.0100607485223278	4.98363652061387	10.0065886152718	20.0070409088926
198	10000	cavi	0.375999999999976	-0.00132350198214203	5.03250253358468	10.0145839792945	19.9947125744316
199	10000	gibbs	1290.53	-0.0238900199091791	5.00147850117822	9.98101206313868	19.9570465781068
199	10000	cavi	0.378999999999905	-0.0315768757942032	5.004613310656	9.99834506733005	19.9830574037676
200	10000	gibbs	1321.288	0.0119741320119451	4.99938045218162	10.0126962019532	19.986928304955
200	10000	cavi	8.67399999999998	0.00405295042638688	5.01580226365142	9.97631647329421	19.9911811916028
201	10000	gibbs	878.672	-0.00776606019273152	4.9690391884664	10.0018027525452	20.0214270196931
201	10000	cavi	0.27800000000002	-0.0201535599748224	4.96914473817396	10.0068558823606	19.9890140529275
202	10000	gibbs	880.368	-0.0143643843175406	5.00174865540002	9.97706272706865	19.9836071490049
202	10000	cavi	0.259000000000015	0.00865835297615337	5.01796097109853	9.99848600048083	20.0125348077857
203	10000	gibbs	884.624	0.0189990564655	5.05389723129355	9.98427343053381	20.0209012176181
203	10000	cavi	0.261000000000081	-0.00788936982112498	5.00108468385157	9.99525101100198	20.0119611305354
204	10000	gibbs	889.684	0.0370111019336997	5.01092390942305	9.98080876197817	19.9989456295046
204	10000	cavi	0.273000000000025	0.0149785781907302	5.01313037730466	10.00128236001	20.0167709357071
205	10000	gibbs	890.863	-0.0165433302200456	5.03063712762435	10.0187017199415	19.9854357455072
205	10000	cavi	0.282000000000039	-0.00109277537702491	4.99641562825487	9.97911347012617	19.9743360033589
206	10000	gibbs	884.806	-0.00941794140637603	4.95870929768088	9.95831434287455	20.0562011598553
206	10000	cavi	0.259000000000015	0.0248559435828379	4.96349571705871	9.97888079730491	20.0243879828407
207	10000	gibbs	884.314	-0.00758273814866991	4.99103440041073	9.96368392984417	20.0035010614655
207	10000	cavi	0.280999999999949	-0.00144992560187875	5.01559712145262	9.96104481107561	20.0065277294253
208	10000	gibbs	907.554	-0.0353467358961817	4.97415116745574	10.0221506269637	20.0161166685068
208	10000	cavi	0.259999999999991	-0.0167134758964761	4.96965542864494	10.0103930370789	20.0091657235894
209	10000	gibbs	887.347	-0.0462878145043847	4.96953122847356	10.0132746739523	19.9740260569223
209	10000	cavi	0.272999999999911	-0.00776568659982356	4.97749187012261	9.99083538849072	19.9809048695322
210	10000	gibbs	903.287	-0.00453920711283029	5.01723099996108	9.99949001971363	19.9772229067381
210	10000	cavi	0.281000000000063	0.00505548059468485	5.01012033058774	10.0149657312921	19.9916930896498
211	10000	gibbs	904.975	0.0511347994748589	4.9928682277964	9.95542826523193	20.0057381879989
211	10000	cavi	0.283999999999992	0.0247002080186493	5.00200911041574	9.92523526323479	19.9989641774972
212	10000	gibbs	896.022	0.00523022349619339	5.02110854065707	9.99041737525861	19.9666259339398
212	10000	cavi	0.303999999999974	0.00877880801341266	5.00534613097337	10.0056524138523	19.9802809353366
213	10000	gibbs	894.845	-0.00162084643541222	5.0295453877821	10.0561184217817	20.0051973855678
213	10000	cavi	0.271999999999935	0.0159295430627008	4.99557973283265	10.0576184451345	20.0017117073178
214	10000	gibbs	884.57	-0.0311356413450273	4.964033913903	9.92733208192756	19.9755995080631
214	10000	cavi	0.274000000000001	-0.0013888638682406	4.97882007618566	9.95700031394332	19.9874229368713
215	10000	gibbs	906.912	0.00749304523771544	5.03527790492728	10.0461222041011	19.9626815287651
215	10000	cavi	0.272000000000048	0.0155653598756718	5.01266968511486	10.0225548228897	19.9746494883748
216	10000	gibbs	909.972	0.0448400329867138	5.03651773354866	9.94421884143421	20.0215593643326
216	10000	cavi	0.283000000000015	0.0372013636697696	5.03549260910761	9.96039936727417	20.0315727645037
217	10000	gibbs	887.697	-0.0138735936363892	4.97201792151613	10.0053870246976	19.9437680310498
217	10000	cavi	0.282000000000039	-0.0191237341511016	5.00056613133291	9.99407655738751	19.9762068589883
218	10000	gibbs	887.507	0.010146295694734	5.00895041972689	10.0012233490789	20.011290606995
218	10000	cavi	0.261999999999944	0.005573612493321	4.99794199077904	10.0083941996616	19.989147702771
219	10000	gibbs	885.388	-0.0203422506117739	4.94136845699855	10.013810457221	19.9924677695515
219	10000	cavi	0.259000000000015	0.00488745977625211	4.95268556992536	9.98281180209248	20.0164083101021
220	10000	gibbs	892.122	-0.00782742606662985	5.03392913368231	9.97048096810839	20.0161940142718
220	10000	cavi	0.282999999999902	-0.0110841314675528	5.0254653563395	9.96961575992299	20.0042323650797
221	10000	gibbs	889.376	0.013833842814323	5.01333425928069	10.0621579429697	20.0039876592935
221	10000	cavi	0.263000000000034	0.0221144380722605	5.01265692641555	10.0060856369438	19.9905021580686
222	10000	gibbs	749.83	0.0220413793761511	5.00140180000098	10.007580545478	19.958178498791
222	10000	cavi	5.01300000000003	-0.0014092836854174	4.98309710018372	9.99519851900454	19.9748242667525
223	10000	gibbs	905.929	0.00898349872293356	5.07927418090852	9.99703154692599	20.0116602601745
223	10000	cavi	0.26400000000001	0.00532724202363091	5.03242390945829	9.98243873046758	19.9910131364207
224	10000	gibbs	892.739	0.0100107891990263	4.96537908709223	10.0106001801654	19.9852092465297
224	10000	cavi	0.279999999999973	0.0172630825090481	5.00419844896336	9.97577474347192	19.990513009509
225	10000	gibbs	893.538	0.00103519088622276	5.05133221174637	9.9973012206354	19.960780808998
225	10000	cavi	0.272000000000048	-0.0160687611837553	5.02129875156644	9.96230537875756	19.9874238926491
226	10000	gibbs	886.859	0.0382977704104476	4.96908904774273	9.98460496687304	19.979817993155
226	10000	cavi	0.27800000000002	0.0273247088326803	4.98691005150185	9.9998469324178	19.9905236947295
227	10000	gibbs	892.055	0.000916210750512417	4.99121916400982	9.98307512093983	20.0065836193445
227	10000	cavi	5.95500000000004	0.0170039363725416	5.00686955022695	9.99998232313141	19.9999767764068
228	10000	gibbs	890.651	0.0474271467746368	5.03539833317944	10.0635965980479	19.9686904382527
228	10000	cavi	5.94999999999993	0.0089116382885885	4.99556060178363	10.0271197717263	19.956761699749
229	10000	gibbs	897.19	0.0326025543275418	5.03871402145066	9.97497158725636	19.9830062714819
229	10000	cavi	0.270999999999958	0.0207286093783126	5.00139843604166	9.97088636863077	19.9836562041195
230	10000	gibbs	896.942	-0.00167437113658635	5.02333829269046	9.97525733568598	19.9789646403237
230	10000	cavi	0.271999999999935	0.0221369150831637	4.95889845990083	9.99076592846943	19.9823295423829
231	10000	gibbs	892.976	0.012127455751111	5.00820331213376	10.0534655244926	20.0110578132242
231	10000	cavi	0.281000000000063	-0.00889604122902032	5.01886207726521	10.0297237964805	19.9873811812026
232	10000	gibbs	904.983	-0.00320608920906623	5.00897029411895	9.97362280455743	20.0230074960704
232	10000	cavi	0.274999999999977	0.000772305302001315	5.01291524416657	9.95816841759874	20.0234112944207
233	10000	gibbs	882.206	0.0222856651618085	5.03806530672157	10.0079816543701	19.9801863871574
233	10000	cavi	0.270999999999958	0.00720532227232608	5.00278592572652	9.98198452424147	19.9975703547923
234	10000	gibbs	906.617	-0.0324053937481303	5.01886894665712	9.98458909257727	19.9849876238427
234	10000	cavi	0.273000000000025	0.0147841148695246	5.02727678944214	10.0113061224327	19.997074763892
235	10000	gibbs	915.973	0.00129638904085316	5.00394290074023	10.0125469170691	19.9469355248122
235	10000	cavi	0.274999999999977	-0.00372315677169656	5.0041249957416	10.0057427986071	19.9771513438785
236	10000	gibbs	903.293	-0.0194701762648695	4.93632207135943	9.98228656458711	19.9536667656615
236	10000	cavi	0.262000000000057	-0.00977524026426396	4.98093571400009	9.97613748284213	19.957497049647
237	10000	gibbs	901.206	-0.0374732969232584	5.00034964391229	9.99010397619955	19.9986525120485
237	10000	cavi	0.257999999999925	-0.0245074139213183	5.01022435237418	10.0147646998072	19.9935343462327
238	10000	gibbs	757.755	-0.0179029772586116	5.02460903053824	9.9794632835864	19.944611994255
238	10000	cavi	0.240000000000009	-0.0163130952706095	5.02350724856594	9.98661339510234	19.9663725064511
239	10000	gibbs	887.26	0.0198420924021484	4.92957379407513	10.0017119323348	20.0046639592466
239	10000	cavi	0.262000000000057	0.0206737186062526	4.95977063472262	10.012333961709	20.0404764469565
240	10000	gibbs	896.329	0.0319898873732415	5.03925040214776	10.0106939087497	19.9522045299317
240	10000	cavi	0.253000000000043	0.00623257274224519	4.98280214047392	10.0081645687214	19.9752715586209
241	10000	gibbs	912.474	-0.0442434857470269	5.01127483264282	9.96826192422953	20.0264210185633
241	10000	cavi	0.286000000000058	-0.0120303092981713	4.99881238179162	9.97322349864317	20.0181776054605
242	10000	gibbs	903.889	0.0434583655523312	4.97358961165183	9.99411406996848	19.9726775422145
242	10000	cavi	0.282000000000039	0.0347931709921491	4.99724802918789	9.98348319482523	19.9865999526245
243	10000	gibbs	893.521	-0.00608280860805497	4.9709218269304	10.0124133402711	20.0373651722122
243	10000	cavi	0.276000000000067	-0.00367845161923747	4.9819345788387	10.0101158789275	20.0218233069434
244	10000	gibbs	912.841	-0.0554697562670998	4.976216034802	9.96223171926678	19.9665883349272
244	10000	cavi	0.282000000000039	-0.00386839472876767	4.97752031329242	9.99368113755806	19.9857448498921
245	10000	gibbs	910.157	-0.0140307168597959	4.99057804188576	10.015548435109	19.9958492987915
245	10000	cavi	0.262000000000057	-0.00113533843043383	5.00139718998441	10.0082905606662	19.9877120243133
246	10000	gibbs	903.155	-0.0250014486518548	4.99276760005647	10.0115076088739	20.0375542107984
246	10000	cavi	0.259999999999991	-0.0191577584362444	4.98935625891793	10.0281557404069	20.0080900198136
247	10000	gibbs	900.938	0.0376859636798517	4.93358301185458	9.97983980064973	20.019400311748
247	10000	cavi	0.293000000000006	0.00766496333847132	4.97263824631122	9.97972094194093	19.9899528282525
248	10000	gibbs	912.741	-0.0483490907592074	5.05626472091322	10.0334571680856	19.9429869433234
248	10000	cavi	0.281000000000063	-0.00428630062886687	5.01715301961724	10.0175979464822	19.963955774053
249	10000	gibbs	905.987	0.0293213468578367	4.98595003204982	9.98621286372387	20.0165197119765
249	10000	cavi	0.271000000000072	0.0428125045241564	4.99919275768347	9.97427177061631	20.024710233116
250	10000	gibbs	909.854	0.0122304459412526	4.99138920483553	9.95954318655141	19.9841881732733
250	10000	cavi	0.259999999999991	-0.0118375604549778	4.97647638721523	9.97760726174738	19.9790060608355
251	10000	gibbs	911.211	-0.024486439115532	5.04768465459579	10.0183859452507	20.017973304559
251	10000	cavi	0.261999999999944	-0.0155649150917727	5.01350780383988	10.0250398559234	19.9945311666474
252	10000	gibbs	919.642	-0.0196874338700999	5.005564316708	9.97674511067468	20.0168730642657
252	10000	cavi	0.282000000000039	-0.0100238762171997	5.02472824858952	9.98684965547431	20.0129318146732
253	10000	gibbs	913.593	0.00435310792159455	5.01040922917512	10.0005540468888	19.9824797814955
253	10000	cavi	0.260999999999967	-0.00378838856173759	5.00885823759439	9.99672698069057	19.9897946697347
254	10000	gibbs	909.106	0.0378144568255848	5.00498367169778	9.99073455144058	19.999579270369
254	10000	cavi	0.281000000000063	0.0194888977616896	4.98482324318887	9.95160785435658	19.9898349052221
255	10000	gibbs	911.293	-0.00653793064465353	5.03059959512783	10.0632576193592	19.966823190741
255	10000	cavi	0.281000000000063	0.00702334703604503	5.04029431793041	10.0097685814804	19.9928158566446
256	10000	gibbs	916.059	1.50322634506055	8.72492163439462	19.9403753221669	20.0100323426398
256	10000	cavi	0.261999999999944	0.00555432628881411	4.99780301035845	9.99174652853232	19.9933653961277
257	10000	gibbs	896.726	0.00286524752588279	4.98263481801604	9.99186712576376	20.0243330326901
257	10000	cavi	0.260999999999967	-0.00576106971853921	4.97700445650586	9.99132990810455	19.9860563016774
258	10000	gibbs	900.59	0.0230972083958321	5.0066055176044	10.0322710525636	19.9702260210701
258	10000	cavi	0.259999999999991	0.0130988591747443	5.02140772746094	10.0386144632218	19.9906093827339
259	10000	gibbs	907.524	-0.0589266577835968	4.97464099132253	10.0118162218915	19.9389383168646
259	10000	cavi	0.252000000000066	-0.0332020744105185	4.98958443290858	9.99197597263473	19.9348141730716
260	10000	gibbs	911.565	-0.0332317604701108	4.9801867856491	10.0765715253215	20.0225779354587
260	10000	cavi	0.25100000000009	-0.0254714509913205	4.99686628031588	10.0093748542594	20.0141007516115
261	10000	gibbs	761.639	0.00898140778804598	5.02512335014325	10.0045141644861	20.0080221921735
261	10000	cavi	0.239000000000033	0.00883546751782134	4.99496878640765	10.0188615203063	20.0095029069637
262	10000	gibbs	758.497	-0.0383386875628394	4.95150954409797	9.98896142990683	19.9991926512882
262	10000	cavi	0.257000000000062	-0.012621794705164	4.98165987120223	9.98211579197812	19.9850113904374
263	10000	gibbs	911.833	-0.0151711221347467	4.99282351777292	9.95778937319038	19.9559052494905
263	10000	cavi	0.274000000000001	0.00100311192288919	4.99258897557518	9.97319705131395	19.9589389342358
264	10000	gibbs	908.199	-0.016221552241916	5.00466113002421	10.0013261843509	20.0216127967753
264	10000	cavi	0.291000000000054	0.00310795618426732	4.99700321161024	9.98779722428992	20.0435194356299
265	10000	gibbs	761.545	-0.0249077361835307	5.03303342025635	10.0092508247807	20.0402587775919
265	10000	cavi	0.230999999999995	-0.0183668559020658	5.03503921763146	10.0100925925334	20.0084445195261
266	10000	gibbs	888.824	0.0075742322559489	5.02521338047578	10.0158094504194	19.9843089200388
266	10000	cavi	0.259000000000015	0.0345047473156715	5.02233886491122	9.98929950743515	19.9869069008255
267	10000	gibbs	907.808	-0.0365268377709082	4.98504199772327	9.99352131246093	19.9817154785106
267	10000	cavi	0.271999999999935	-0.0437177987125941	4.98637519640691	10.0230487264415	19.9917128619598
268	10000	gibbs	905.903	0.015847512197732	4.93316340938795	9.96755922825031	19.9791549072698
268	10000	cavi	0.272000000000048	0.0159728026589272	4.95775457455221	9.97248767379386	19.9826569942965
269	10000	gibbs	906.136	0.0185178343207828	4.97519158798994	9.97112304346152	19.9661501757266
269	10000	cavi	0.261999999999944	0.0222152125391835	4.97900863261103	10.0046704532595	19.9686514989711
270	10000	gibbs	1283.429	-0.0329610420248725	5.05247187210086	10.0299947123087	20.0147789499872
270	10000	cavi	0.402000000000044	-0.0195277503064832	5.03293403374496	9.99740850428915	19.9763668601671
271	10000	gibbs	1277.166	-0.0166963231995443	5.02197075426734	9.97539924804632	19.973958740748
271	10000	cavi	0.376999999999953	-0.0248672254110211	5.02448852880642	9.98061715898899	19.9780233315178
272	10000	gibbs	1277.693	-0.0252652418983782	5.02045452006773	10.0135266854681	19.985917970504
272	10000	cavi	0.403999999999996	-0.0056734295432741	5.00310529780158	10.035242050658	19.964832828979
273	10000	gibbs	1281.13	-0.0303131407554079	4.98470580893579	10.0282123006046	20.0023726245452
273	10000	cavi	0.376999999999953	-0.0179673177573107	4.99917912728191	10.0181165800784	20.0253145365493
274	10000	gibbs	1282.446	0.00559215721876601	5.07146676375243	9.96151791214629	20.006301083548
274	10000	cavi	0.406000000000176	-0.0066590604574226	5.01522102725212	9.96982131173082	20.0006441219718
275	10000	gibbs	1290.114	-0.0745143866232505	4.97314596268639	9.96338658354311	19.9820395538112
275	10000	cavi	0.436999999999898	-0.0493330700537452	4.97549174001531	9.97656194140636	20.0099250630182
276	10000	gibbs	1278.093	-0.0394390107316116	4.98955944128439	10.0437467608514	19.9506573370032
276	10000	cavi	0.393000000000029	-0.031006445357765	4.99822009620211	10.0061423449043	19.9599200426486
277	10000	gibbs	1280.416	0.027701917570489	4.96818921280544	9.98003378211907	20.0086611816631
277	10000	cavi	0.43100000000004	0.0175103405339503	5.0201858984196	9.96596680970078	20.0015728260172
278	10000	gibbs	1282.417	-0.0287690496598702	4.97541509982014	9.97185204943285	20.0213336553904
278	10000	cavi	8.64199999999983	-0.0185220774430715	4.97945074460828	9.9961413494633	19.9856881748145
279	10000	gibbs	1284.091	0.0250705652340022	5.01805251125991	9.97592254987246	20.0025632843293
279	10000	cavi	0.395999999999958	0.00931593968394307	5.02799245590352	9.9888966814645	20.0055874665701
280	10000	gibbs	1288.26	-0.00285612260712909	5.04489712708859	10.0137280227699	20.0009105826243
280	10000	cavi	0.3900000000001	0.010854724670824	5.05106912575285	9.98572122117189	19.9888093412724
281	10000	gibbs	1284.205	0.0543298490603009	5.02971969534651	9.99055269970053	20.0215672771763
281	10000	cavi	0.417000000000144	0.0283725636973169	5.01466759719342	9.99583896876832	19.9866286565571
282	10000	gibbs	1288.463	0.0730580204468484	5.01053913877507	9.99261295294797	19.9455950108928
282	10000	cavi	0.394000000000005	0.0343623360150018	5.01532886965286	9.98187947672244	19.9732378966036
283	10000	gibbs	1278.411	-0.0227978170890446	4.96381662660784	10.0344220855368	20.0411634426951
283	10000	cavi	0.379999999999882	-0.0261637439393944	4.96687588175798	10.0078040202165	19.9860346202491
284	10000	gibbs	747.61	-0.0168762002596485	4.95167200209179	9.95060066610005	20.0050940261504
284	10000	cavi	0.240000000000009	-0.0281561893620438	4.96882613166789	9.99467924061129	20.006240452163
285	10000	gibbs	1289.655	-0.0122712459084927	4.99291358790328	10.0150417259788	19.9603781182483
285	10000	cavi	0.396999999999935	-0.0189331282589604	4.98562855842294	9.98560899500352	19.9839231564932
286	10000	gibbs	757.718	-0.0136639648109416	4.98885265413029	9.9774412107029	20.0115735203161
286	10000	cavi	0.248000000000047	-0.00513383422294058	5.00822507903838	9.99002766102035	20.0159340544917
287	10000	gibbs	1290.735	-0.0465443636452841	4.96891865409356	9.99811008174014	19.9925374732912
287	10000	cavi	0.404999999999973	0.00500092139687528	4.99241167318625	10.0135705250741	19.9872003987398
288	10000	gibbs	1290.399	0.000378273761339955	4.96179499722118	10.0190879249494	19.9635041554572
288	10000	cavi	0.417000000000144	0.0061393494779292	4.97146919279705	10.0223149818902	19.9628471658274
289	10000	gibbs	1286.481	0.00381740739181157	5.03822136723136	9.9473464833022	20.0007321352571
289	10000	cavi	0.416999999999916	0.00622638263433614	5.01887795745016	9.97633915606799	20.0130142139202
290	10000	gibbs	1292.438	0.0188499599357995	5.00201390551863	10.0325057135886	20.0087604971285
290	10000	cavi	0.368999999999915	-0.016060024865468	4.97776167500043	10.0388097649563	19.9816332878064
291	10000	gibbs	1291.758	-0.0225746205481964	5.01395050641928	9.98308427592587	20.0077993231228
291	10000	cavi	0.386000000000195	-0.0111873874711737	5.00727347616785	9.97531965559057	20.0147243845893
292	10000	gibbs	1292.124	0.0413020767259613	5.0005078093019	10.0345502638781	20.0191369626514
292	10000	cavi	0.420000000000073	0.0157580221936915	5.00534625108468	10.0081133597978	20.0220986053034
293	10000	gibbs	1295.505	0.0127333626799314	5.01342667717117	9.93892842448912	19.9963966101158
293	10000	cavi	0.413000000000011	0.0025964987420274	5.00758453449893	9.9650972875182	19.9939841818936
294	10000	gibbs	1296.276	-0.0248907560762762	4.98473837979847	10.0087520670219	19.9910663938115
294	10000	cavi	0.363000000000056	-0.0137093438954884	4.99216410903817	10.0293024085474	20.0023404331927
295	10000	gibbs	1299.317	0.029654303545663	5.02034030606247	9.96438619218114	19.9876348367822
295	10000	cavi	0.379999999999882	0.00326964741225279	5.01190042947053	9.95893875512226	19.9766932814128
296	10000	gibbs	1301.208	0.00778685685128286	4.95910117314915	10.0248111476246	19.9533383908935
296	10000	cavi	0.355999999999995	-0.00839846330222378	4.97022087366936	10.0089011532367	19.9407319312004
297	10000	gibbs	1298.262	0.0178369444812986	4.9891488736606	10.0000548674523	19.9975643174056
297	10000	cavi	0.397999999999911	0.00797316551402581	5.00401180213894	10.0096659115241	19.9899919713821
298	10000	gibbs	756.24	-0.0157035479049079	4.99128925562699	9.9939676867392	19.9390937760649
298	10000	cavi	0.247999999999934	-0.0129981687971399	4.96772815084886	9.97908459768544	19.9384395183069
299	10000	gibbs	1302.736	-0.0130073534703449	4.99318943329496	9.9743748790626	20.0377326945834
299	10000	cavi	0.40300000000002	0.00525252509575287	4.99058861242229	9.98812361528968	20.018481915178
300	10000	gibbs	767.591	0.00494127271306881	4.98366002182168	10.0017505473614	20.0029577486695
300	10000	cavi	0.240000000000009	-0.00821994125793322	4.96607554407074	9.9825064590142	20.006403546598
301	10000	gibbs	1297.223	-0.0599301896715714	4.95820984080736	9.97101571290326	19.9597542823659
301	10000	cavi	0.399000000000115	-0.037373761780889	4.9596396529151	9.98090552894043	19.970546440088
302	10000	gibbs	1314.663	-0.0229153417608242	4.97223645504665	10.0404154356182	19.9981132706497
302	10000	cavi	0.406999999999925	-0.0112582420079549	4.98651942113832	10.0313407340215	19.9915451419084
303	10000	gibbs	761.975	-0.0100536560469043	4.96379713419944	10.0251500799173	20.0195512977822
303	10000	cavi	0.241999999999962	0.000749890237188044	4.98633370061002	10.0347577304508	20.0167394169214
304	10000	gibbs	1317.186	0.0207616962746782	5.02693403828635	9.95620533769123	19.9964701636612
304	10000	cavi	0.420000000000073	-0.0115320441274874	5.02697726491622	9.98039834998356	20.0136270030838
305	10000	gibbs	878.904	-0.0239442074536145	5.03225655356106	9.94265307101346	19.9645653594589
305	10000	cavi	0.259000000000015	0.00646956725362833	5.00183376298528	9.97199224093249	19.9752282740366
306	10000	gibbs	883.787	-0.0372491672656238	4.97417674156276	9.9448423123647	19.9664355085126
306	10000	cavi	0.263000000000034	-0.0393835132490504	4.99824576300573	9.97627965085443	19.9891433950822
307	10000	gibbs	886.982	0.015404997854601	4.99518963533992	9.99256678360784	20.0382913007575
307	10000	cavi	0.261000000000081	-0.00794582134155118	5.01111063561941	9.98638842710692	20.0088144283537
308	10000	gibbs	889.281	-0.0290573938264677	4.97987910006386	10.0014874218382	20.028470929662
308	10000	cavi	0.273000000000025	-0.0176614896249858	5.00592243438229	9.99531250515918	19.9987635898673
309	10000	gibbs	1323.314	0.00590946591783623	4.95532118846692	10.0013265801498	19.9675476429247
309	10000	cavi	0.38799999999992	0.00590542526898201	4.98516793655918	10.0201409656703	20.0015500785135
310	10000	gibbs	883.987	-0.00163941557583271	5.00296475529146	10.0174989113168	19.9796517709185
310	10000	cavi	0.298999999999978	0.0199881856167971	4.96649434970266	9.98507826994439	20.004181798227
311	10000	gibbs	891.587	0.00283735846584402	4.96502375561208	9.99497632796874	20.0022162508097
311	10000	cavi	0.273000000000025	-0.00949129010466882	4.97933700881701	10.0023770959957	19.9778641771503
312	10000	gibbs	884.198	-0.0301075437481411	4.9612097330119	9.96701081922539	19.9834036687967
312	10000	cavi	5.93799999999999	-0.0165841296666505	4.97439585022748	9.98733609141092	19.9884186176988
313	10000	gibbs	892.861	0.00992330996288921	5.02780829994872	10.0049184429036	20.0149748160836
313	10000	cavi	0.273000000000025	0.0179851735230277	4.9996990028787	10.0098448851348	20.0049729475016
314	10000	gibbs	895.223	0.00597525206476665	4.96501528614772	9.95259522086834	20.0279316951226
314	10000	cavi	0.274000000000001	0.0168805275088103	4.99050702185669	9.94302095004484	20.0341882482135
315	10000	gibbs	886.528	-0.0256656796942332	4.93457405206974	9.94804239550597	19.9848424483454
315	10000	cavi	0.29099999999994	-0.0247629350581691	4.97962921483214	9.94774546353999	19.9500099247664
316	10000	gibbs	887.417	0.0458429866158421	4.98643514173003	9.97979658446806	20.0387136874252
316	10000	cavi	0.29099999999994	0.0266571212481305	4.97213028761607	9.99877148411216	20.0174229367951
317	10000	gibbs	885.938	-0.040444318212081	4.98286350780915	9.97817913982901	19.9781448547065
317	10000	cavi	0.259999999999991	-0.00822759767406938	4.99321836048066	9.97439526280783	19.9907525557874
318	10000	gibbs	896.805	0.0212463261748109	4.99945804187272	9.99684366290006	19.9926079783223
318	10000	cavi	0.283999999999992	0.0246192989005438	5.014380007771	10.0083047787816	19.9874716413356
319	10000	gibbs	883.453	0.00335854831942401	5.01619581218346	9.95460234780205	20.0210571678645
319	10000	cavi	0.278999999999996	0.00799394638728622	5.02885465335404	9.96411087996127	20.015301136954
320	10000	gibbs	903.853	0.0439727958238142	5.02094740012133	10.0106225742541	19.978204404226
320	10000	cavi	0.282999999999902	-0.000752587060450101	5.00750686818433	9.98648332839467	19.9764703857368
321	10000	gibbs	886.579	0.0289026377250378	5.01411427952844	9.96828075851256	19.9704088488734
321	10000	cavi	0.270999999999958	0.0264181068053769	5.00897360278781	9.96964967630669	19.989509562126
322	10000	gibbs	890.941	-0.0288865299916513	4.98718099408676	10.0066614642974	19.9880002909746
322	10000	cavi	0.274000000000001	0.0082512620497351	5.01135535967799	9.99232156572744	19.9812995238672
323	10000	gibbs	906.387	0.00617859026990132	5.0203194685908	10.0371812684075	19.9784180301032
323	10000	cavi	0.274000000000001	0.0248988762633358	5.024347660416	10.0168144853957	19.9960456091698
324	10000	gibbs	904.102	0.0151718373446334	5.03908180394816	9.9703868780766	19.9471802966863
324	10000	cavi	0.281999999999925	0.00614825908658614	5.02768394319009	10.001931210095	19.9765482069934
325	10000	gibbs	889.767	0.0126633932364912	5.040799713106	10.0106570109911	20.0177501876404
325	10000	cavi	0.26400000000001	0.00287821264692942	5.04220769024642	9.999682962838	19.9905493852357
326	10000	gibbs	889.681	-0.0552067949131938	4.96352737542553	10.0051422509104	20.007855793216
326	10000	cavi	0.270999999999958	-0.040270162292577	4.95092609891142	9.98391925640665	20.0060063666095
327	10000	gibbs	889.926	-0.0240460460441279	4.97363987986586	9.95657535931508	19.9831046831166
327	10000	cavi	0.251999999999953	-0.00132547411483679	4.96866498989954	9.99303160608045	19.9698523502718
328	10000	gibbs	904.067	-0.047795559948766	4.96200211105404	9.96591377796346	19.9983611508702
328	10000	cavi	0.261999999999944	-0.0260860054705898	4.97875433527858	10.0115845192261	20.0193756700531
329	10000	gibbs	892.768	-0.0119345948452729	4.95619559541429	9.99689879804571	19.9426298032266
329	10000	cavi	0.272000000000048	0.00818696828738832	4.98720857519261	9.9943614741867	19.956258898744
330	10000	gibbs	905.414	-0.0112974860428313	4.99367569575914	10.0281200528305	20.0188878480456
330	10000	cavi	0.274000000000001	-0.0128989891247967	4.98816091821626	9.99975558720847	19.9857778471915
331	10000	gibbs	889.767	-0.00264524838987494	5.02748344153347	10.0389509751651	19.9735746228819
331	10000	cavi	0.282000000000039	0.00639415096054	5.01129127993033	10.0259996695734	19.956595075392
332	10000	gibbs	908.708	0.0911452057452235	5.03234426090135	10.0052860646509	19.9694553361552
332	10000	cavi	0.263999999999896	0.0296812320422666	5.03782953290991	10.028382296848	19.9691933506066
333	10000	gibbs	890.464	-0.0183875965723172	4.98501747143271	10.0048024996721	20.0142759492294
333	10000	cavi	0.252999999999929	-0.0258689144135278	4.98775438580599	9.97751653840925	19.990694037988
334	10000	gibbs	891.636	-0.00317694021963234	5.02414597308537	9.97988005726351	19.9794168789491
334	10000	cavi	0.289000000000101	-0.0143905012488218	4.99666199647162	10.0235402022805	19.9924368559589
335	10000	gibbs	892.227	-0.0256665113565349	5.04754020440586	10.0123602332941	20.0190387347828
335	10000	cavi	0.263000000000034	0.0171292308947738	5.02312707325743	10.0133046746252	20.0218868660264
336	10000	gibbs	892.207	-0.0296384473680345	5.00763953090789	10.0108266993311	19.9804417196051
336	10000	cavi	0.273000000000025	-0.00626379403583024	4.97677230395324	10.0131738709378	19.997614310463
337	10000	gibbs	893.107	-0.0606777469863209	5.00947866190449	9.95197337386386	20.012799653887
337	10000	cavi	0.274000000000001	0.00286590698763846	5.01360384433105	9.97407775129546	20.0023994629252
338	10000	gibbs	906.283	-0.0102636318077761	4.97798350480111	9.98716485809581	20.0090887587589
338	10000	cavi	0.262000000000057	-0.00652020236790818	4.99629583751087	10.0083243382577	20.006272127062
339	10000	gibbs	898.93	-0.037372607260916	4.995607139866	10.0036984228438	20.0348587118329
339	10000	cavi	0.271000000000072	0.013231983019625	5.02366432408695	10.0029307336128	20.0249826946225
340	10000	gibbs	905.004	0.0052946774876471	5.0066430634422	10.0049306842743	20.005308311668
340	10000	cavi	0.260999999999967	0.00813790231153332	4.99878554383327	9.99250430057635	19.9985436811091
341	10000	gibbs	901.47	-0.00990535864434406	4.98644689332537	9.98538993894017	19.973227306633
341	10000	cavi	0.29099999999994	-0.0155466231787299	4.99068768678768	9.9834615324757	19.9838506739637
342	10000	gibbs	892.555	-0.0164098443048684	5.00208599598849	9.9556776812586	20.0191413922536
342	10000	cavi	0.274000000000001	-0.0281551024608664	4.9837911265207	9.99012222999231	20.0015022407312
343	10000	gibbs	906.042	0.000869790477647642	4.98173239395156	9.99188611681747	20.003571641983
343	10000	cavi	0.282000000000039	0.014530440781981	5.00411420787699	9.99056183539222	19.9967570930412
344	10000	gibbs	906.75	-0.00359155214620923	4.95364599367411	10.0175500852036	20.0572580930799
344	10000	cavi	0.232000000000085	-0.0330319638633016	4.95588966851521	10.011876490387	20.0302889196973
345	10000	gibbs	905.308	-0.0233440681707258	4.96990004816349	10.0026483820409	20.0307882199692
345	10000	cavi	0.282000000000039	-0.00401899467801271	4.94779773541752	9.99478509025505	20.0047074483198
346	10000	gibbs	904.626	-0.00182724640357255	5.01525112089781	10.0035324645524	20.0508086907597
346	10000	cavi	0.280999999999949	0.00201187895861807	5.00627066843284	9.99739595753751	20.0285335545707
347	10000	gibbs	908.608	-0.06853419259059	4.9459699098238	10.0044432860698	19.9827855291561
347	10000	cavi	0.261999999999944	-0.0661264461654896	4.96144631550193	10.001802501417	19.9852285182951
348	10000	gibbs	907.642	0.0190815596411748	5.00593800414002	9.97849528586808	20.0201904944671
348	10000	cavi	5.93400000000008	0.0116107703205205	4.96798309096977	9.96423057601765	20.0161133126769
349	10000	gibbs	886.15	-0.0101259090053887	5.04107659875775	9.99165278922601	19.9916115856639
349	10000	cavi	0.240999999999985	-0.0236644088242653	5.00869342029639	9.99791068300232	19.9936578741078
350	10000	gibbs	909.813	0.0346198708448159	4.93651719905667	10.0548544625769	19.9453411592376
350	10000	cavi	0.283000000000015	0.0322058928240507	4.9741255105629	10.0186826333017	19.9995096219836
351	10000	gibbs	912.291	-9.18800068108738e-06	5.0201672673121	9.95414386953541	19.9803939098477
351	10000	cavi	0.260999999999967	-0.0115361120956077	5.03527390069992	9.98595758661228	19.9817563553648
352	10000	gibbs	919.611	0.0120264964873838	4.96107587907094	9.97373719164687	19.9988810180501
352	10000	cavi	0.288999999999987	-0.00687857794377369	4.95916492605495	9.980092463913	19.988503739853
353	10000	gibbs	907.438	-0.0340900688918798	5.02113974270179	9.96039128861749	19.9908272291048
353	10000	cavi	0.272000000000048	-0.00177622849565484	5.03115821626755	9.96696457069246	20.0166153217146
354	10000	gibbs	901.13	-0.0551802279178035	4.96578458939208	10.0036769519845	20.0221452180046
354	10000	cavi	0.273000000000025	-0.0251009133858415	5.00593739969525	10.0121986465636	20.0364803351527
355	10000	gibbs	910.801	0.0489831072305379	5.01233024150735	10.0903552443209	20.0152659244978
355	10000	cavi	0.263000000000034	0.00788973717796515	5.00532167703069	10.0640637487318	20.0030356902527
356	10000	gibbs	910.915	-0.0294000802062852	5.00813374546246	10.0048895213932	20.0364702387356
356	10000	cavi	0.273000000000025	-0.0417020126280296	5.01334710400108	9.9763215185955	19.9933111314913
357	10000	gibbs	907.551	0.047411519701254	4.95303211617939	9.99658535826693	20.0148363751532
357	10000	cavi	0.281999999999925	0.0295455657493885	4.97514393218057	9.99485793282583	19.9810568641724
358	10000	gibbs	916.274	-0.043305263514651	4.99021272262721	10.026830833259	19.9989329928254
358	10000	cavi	0.284999999999968	-0.0195861261440699	5.00238945456144	10.014000669088	19.9952503916749
359	10000	gibbs	889.788	-0.00309191566185456	4.99912223938282	10.0227289276674	19.9590145134123
359	10000	cavi	0.266999999999939	0.00426152117757876	5.00455915347719	10.0168327759839	19.9665256681047
360	10000	gibbs	891.639	1.00059136658521	8.14743890128343	19.8595866466895	20.0570644000183
360	10000	cavi	0.270999999999958	-0.0360936036270434	5.02188316521085	9.95160401560179	19.9904866663055
361	10000	gibbs	911.548	0.0277039525853127	5.02962948664316	10.031667062599	19.9773472335753
361	10000	cavi	0.262000000000057	0.0178996462057216	5.00542202195339	10.0118655260282	19.9813226233093
362	10000	gibbs	909.135	0.0337366177175673	4.99618868612983	9.94630034468688	20.0223106178884
362	10000	cavi	0.274000000000001	0.0128720747025333	5.02511625039353	9.98057341974536	19.9947644506674
363	10000	gibbs	898.69	-0.00683441653221289	5.0247565317721	9.96435295637348	19.9769930350619
363	10000	cavi	0.254000000000019	0.00185950519484531	5.01404880113903	10.0048842359781	19.9818231095146
364	10000	gibbs	911.661	0.0397050056855425	5.01797022353323	9.97528088132889	19.9641300880602
364	10000	cavi	0.283000000000015	0.00116112145896301	5.00059077378722	9.97351445820642	19.9918523047756
365	10000	gibbs	910.845	0.00187807870054555	5.03863215120794	9.99503274277371	19.9844688876427
365	10000	cavi	0.273000000000025	-0.015312073948156	5.00340278115516	9.97934267289379	20.0003873738316
366	10000	gibbs	889.582	-0.0297334911764551	4.99811272063526	9.96550376385076	19.9744034262731
366	10000	cavi	0.272000000000048	0.00108798583895313	4.9948933473933	9.99252439709519	19.9779477167203
367	10000	gibbs	908.188	0.0101741942380173	5.00453125033289	10.0214494514358	19.9579687585985
367	10000	cavi	0.278999999999996	0.0129119303168728	4.99916874532808	10.0290863674077	19.9641798353841
368	10000	gibbs	900.759	-0.0401436158362693	4.97336115147493	10.0053947411672	20.0215627724353
368	10000	cavi	0.245000000000005	-0.0151765129860488	5.00414181390827	10.0082232215048	19.9860254382253
369	10000	gibbs	907.228	0.00345973294745322	5.02094885242638	10.0631293080649	19.9596339329522
369	10000	cavi	0.272999999999911	0.0114117845411513	5.01414768194436	10.0303323602507	19.9529188406264
370	10000	gibbs	751.33	0.0149856323351762	5.03483365344253	9.94905952710225	20.0200685686852
370	10000	cavi	0.22300000000007	0.00423632070205516	5.04315070663962	9.99746784818876	19.9977845765108
371	10000	gibbs	761.871	0.0624305983629515	4.97529260735502	9.96377948300324	20.0103924239166
371	10000	cavi	0.229000000000042	0.0380619396043539	4.95994723026984	9.97347996838724	20.0063306745361
372	10000	gibbs	754.256	-0.0391693866864399	5.01072828556931	10.0429071028557	19.9379125613186
372	10000	cavi	0.240000000000009	-0.00093084288594978	5.00886487803086	9.99354882459066	19.9569563537159
373	10000	gibbs	1276.075	-0.0139763701454029	4.98219500599134	9.99437454565492	19.9890702866178
373	10000	cavi	0.372000000000071	-0.00998531134360539	5.02603790009098	10.0203854011155	20.0226953694549
374	10000	gibbs	1284.949	0.00353571751411535	4.98770810820777	9.94614435413569	19.9870398050922
374	10000	cavi	0.386999999999944	0.0150015156197936	4.9915345992178	9.9792385519724	19.9858953552942
375	10000	gibbs	1280.611	-0.00802264020188018	5.00999792402844	10.0371527270115	20.0425510369644
375	10000	cavi	0.402000000000044	0.0287899931955333	4.99821465282057	10.0230909657201	20.0031873140429
376	10000	gibbs	763.173	-0.017265856642502	5.02369080511244	10.000935407414	20.0054115569614
376	10000	cavi	0.255999999999972	0.00901440214747464	5.00580207407831	9.99621536258924	20.0005377699962
377	10000	gibbs	761.065	-0.0151411820655623	4.99630153046716	10.0324835873168	19.9824814550707
377	10000	cavi	0.25	-0.0236684426208313	4.99204871222224	10.0107857259343	19.9706241221856
378	10000	gibbs	1281.724	0.0172829740912654	4.96581371387487	10.0272918619382	20.0085771683796
378	10000	cavi	0.355999999999995	-0.0170053621542944	4.98457783251678	10.0070376808032	19.973862344666
379	10000	gibbs	1276.947	0.049724134912513	5.00481950930055	9.95411515386343	19.9746715309019
379	10000	cavi	0.397000000000162	0.0114664254193521	5.03731877631987	9.93433192049944	20.0010596276594
380	10000	gibbs	1280.005	-0.00824154026800094	5.06893609182024	10.0115283570991	20.0021314550204
380	10000	cavi	8.13300000000004	0.00296020034074945	5.04389519326024	10.0175774278482	19.9944514846625
381	10000	gibbs	877.242	0.04777818398727	5.03401355163526	10.0308538262788	20.0241551935118
381	10000	cavi	0.259000000000015	-3.38677195762399e-05	4.99245065601774	10.0255232942896	20.0178690691688
382	10000	gibbs	884.085	0.0264777520486267	5.00265351549348	9.97787986639696	19.9556088804342
382	10000	cavi	0.273000000000025	0.0331570642914955	4.97102006209518	9.98743584412409	19.9667237034907
383	10000	gibbs	885.468	-9.53251264058073e-05	5.00148952262435	9.9721029572178	19.9535866030915
383	10000	cavi	0.267000000000053	0.000827777971880638	4.99756372391282	9.96547124121993	19.9862274673691
384	10000	gibbs	883.221	-0.052438254848938	4.9452319789463	9.99757568879796	19.9926508206573
384	10000	cavi	0.277999999999906	-0.0231353670615537	4.98118915010934	9.99312849831527	19.9951543794646
385	10000	gibbs	889.686	0.0142595688162184	4.95391897680581	9.97153302173836	20.0712150608701
385	10000	cavi	0.272000000000048	-0.0114825252067451	4.97461036128145	10.0133639565167	20.0262891411883
386	10000	gibbs	889.161	0.0108586917045795	4.9780960230805	10.0102369962697	19.9865810863975
386	10000	cavi	0.261999999999944	-0.00290137809304384	5.00169983674755	10.0135372411274	19.9831038602879
387	10000	gibbs	884.05	-0.0454647331887823	4.96119255556678	9.96422491739244	20.0412614226949
387	10000	cavi	0.281999999999925	-0.0200188521500781	4.94822620502153	9.97027140407833	20.0212988074284
388	10000	gibbs	899.574	-0.000303832199923186	4.97666901878974	10.0141670916349	19.9737729473708
388	10000	cavi	0.288999999999987	-0.0150343580340483	4.99058549504119	10.0149862083662	19.968952564696
389	10000	gibbs	884.702	0.0131980563234977	4.99342527075529	9.95202290302123	20.0069951482044
389	10000	cavi	0.273000000000025	-0.00674193158685659	4.99872579001328	9.97878772128636	20.0070997814352
390	10000	gibbs	889.521	0.0405697947088012	5.01964121671268	10.0073841021347	20.0013206894498
390	10000	cavi	0.273000000000025	0.00899170781730641	5.01290129222981	9.96489411624373	19.984481672902
391	10000	gibbs	888.648	0.0615443238488677	4.98059970409435	10.0429190407762	19.9304910184025
391	10000	cavi	0.283999999999992	0.061628242079763	4.98657284071448	10.0073967726808	19.9283203834911
392	10000	gibbs	892.275	-0.000195226561493317	4.97959069617127	9.97825381875424	20.0067033341208
392	10000	cavi	0.271000000000072	0.0323755635973616	5.01426139988617	9.99206228005871	20.0217896445885
393	10000	gibbs	884.834	0.0110070975820742	4.92738921715726	9.9658813681436	19.9750145677914
393	10000	cavi	0.273000000000025	0.00451346876244029	4.97950865068779	9.97256315104186	19.9563269574769
394	10000	gibbs	885.162	0.00725754596116769	5.01047911449311	10.0104652178373	19.9577304435124
394	10000	cavi	0.27900000000011	0.00549851228784266	4.99642476759588	10.0031540663055	19.968106974208
395	10000	gibbs	890.039	0.0510744629309412	5.00062119753935	10.0121687018715	19.9964663532127
395	10000	cavi	0.283000000000015	0.0387198819312807	4.98710243834202	9.98678352036824	19.9990128878851
396	10000	gibbs	901.174	-0.0242300540916097	5.03074803920366	9.98233854801	19.9776069596952
396	10000	cavi	0.269000000000005	-0.0218192000373086	5.00399844387262	9.99739699681621	19.9852502267959
397	10000	gibbs	886.584	-0.0340359736089159	4.96054689297095	9.97877602221365	19.9917056551348
397	10000	cavi	0.251999999999953	-0.0217414179853643	4.96815091689308	9.98323237293341	19.996264732804
398	10000	gibbs	890.235	0.00915220439703154	4.98522858313959	10.0067278650955	19.9984102528988
398	10000	cavi	0.260999999999967	0.0127559431072147	5.00046964346713	10.0046745068054	20.0325426996743
399	10000	gibbs	891.965	-0.0235573023493344	4.97799046544993	9.94530450680644	20.0042900799545
399	10000	cavi	0.274000000000001	-0.025491170768067	4.98860911404474	10.0101708269993	20.0102783038176
400	10000	gibbs	904	-0.0103747953450299	4.94894135505918	10.0118426706689	19.967914444344
400	10000	cavi	0.283000000000015	0.012142809885247	4.96036863851475	10.0110298596378	19.976592857222
401	10000	gibbs	890.374	-0.013868602586253	5.0426610537188	9.93817128664417	19.9900527915958
401	10000	cavi	0.260999999999967	0.0265182254638123	5.01964243964656	9.94408076563261	19.9891824983663
402	10000	gibbs	893.995	0.00210869688650753	5.00223935226187	9.99918177035835	19.9778922027272
402	10000	cavi	0.283000000000015	-0.00773874648973347	4.99284069124469	9.99628442218997	19.9886112398085
403	10000	gibbs	887.261	0.0255651437822669	4.96156947432411	10.0081098173243	19.9720922370498
403	10000	cavi	0.280999999999949	-0.0155745444210796	4.98165586162456	10.0118952034094	19.9532290448907
404	10000	gibbs	902.6	-0.0286455010711777	4.96917465591546	9.96384947662955	20.0639907999504
404	10000	cavi	0.280999999999949	-0.0333031004426677	4.97528532948217	9.96704118025628	19.994138584991
405	10000	gibbs	891.801	0.00371876184776586	4.97309350213113	9.96844504423694	19.9772911414313
405	10000	cavi	0.272999999999911	-0.013636553704651	4.95654553006194	9.99602104130975	19.9740442073551
406	10000	gibbs	888.997	0.0258059004946838	5.02775916458348	9.92138244543871	20.0131951083272
406	10000	cavi	0.260999999999967	-0.0117054600993808	5.02685617580232	9.96390616786199	20.0066930987231
407	10000	gibbs	899.866	0.0177186403565103	5.0120089051893	9.95431001287223	19.986818628745
407	10000	cavi	0.273000000000025	0.0338454201130442	5.01338398034689	9.98011629673858	19.9893599570375
408	10000	gibbs	907.798	-0.00812646214025145	4.95804725279672	10.006191629804	20.0210769760417
408	10000	cavi	0.262000000000057	-0.00420045098314854	4.9655428210907	10.0075971893742	20.0017069909572
409	10000	gibbs	897.104	0.0138505563632181	5.03032344870056	9.9278264559248	20.0005835379764
409	10000	cavi	0.272000000000048	0.00711767663555281	4.99516465532425	9.97265793974041	19.9671099152372
410	10000	gibbs	893.622	-0.0473682744874531	4.96996950371961	10.0186494126086	19.9910473231825
410	10000	cavi	0.282000000000039	-0.0295069357122676	4.99119566089065	10.0221192432213	20.0268305292978
411	10000	gibbs	907.526	0.0509297002234005	5.01530188005329	9.98024920849315	20.0029754051106
411	10000	cavi	0.259999999999991	0.0341049893945362	5.00770893077722	9.98527987877935	20.0178666780922
412	10000	gibbs	900.126	1.39730800644924	8.58250126038854	19.9235718819004	19.9408223619125
412	10000	cavi	0.273000000000025	0.00662522906774137	5.00147647030351	9.99207028110102	19.9567451357301
413	10000	gibbs	907.478	0.00570157494728279	4.94700165744599	9.99677825830595	20.019784370813
413	10000	cavi	0.290000000000077	0.0255310736173868	4.97514483838511	9.99351763260658	20.0115201920084
414	10000	gibbs	891.844	0.0117487860926262	4.97267378052968	9.9696276150633	19.9833548584556
414	10000	cavi	0.272000000000048	-0.00352544840696037	4.97538060028305	9.97470264658531	19.9806153800975
415	10000	gibbs	885.071	-0.00759494713591277	4.9382605100782	10.0204489567039	19.9547644441292
415	10000	cavi	0.272000000000048	-0.00132846519582939	4.96554800730031	10.0094693537882	19.9394855461609
416	10000	gibbs	906.996	0.0064122318825667	4.96421005837793	9.99727490788185	19.981160233407
416	10000	cavi	0.281999999999925	0.00298038770752421	4.97031571582404	9.97891866546979	20.0096761700682
417	10000	gibbs	903.221	0.00161749354642007	5.00510066963138	9.98963980132537	19.9695302130459
417	10000	cavi	0.252000000000066	-0.0322444023532229	4.97483438519617	9.99216480570494	19.9961539670964
418	10000	gibbs	903.594	-0.0171933808542892	4.97682086356975	10.0678173245876	20.010456696217
418	10000	cavi	0.273000000000025	-0.0231180379859599	4.99248167207043	10.0374341046114	19.9997301051355
419	10000	gibbs	906.413	0.073316878624599	5.01202562752134	9.98490098329589	19.9651200537854
419	10000	cavi	0.274000000000001	0.0373838409625597	4.99426461109219	9.99912234227197	19.9911965764208
420	10000	gibbs	904.294	-0.00176999702645363	5.02848860703994	10.0721260069093	19.9836889584572
420	10000	cavi	0.254000000000019	-0.0224853927433224	5.02573262784491	10.0297772729239	19.999871497276
421	10000	gibbs	908.937	0.0250222730284283	5.01679418672952	10.0119897425981	20.0107683727563
421	10000	cavi	0.243000000000052	-0.0157999900238359	5.02741663205687	9.97426120874916	20.0066435030337
422	10000	gibbs	904.716	0.0289822224468505	5.0045694044501	9.99539187463016	19.9588405898142
422	10000	cavi	0.255999999999972	-0.0140620580989433	4.98237069801691	9.99378131355154	19.9681605456692
423	10000	gibbs	892.194	-0.0021959951777502	5.00452231364946	10.0004135603424	20.0579925170376
423	10000	cavi	5.87099999999998	1.63057758786759	8.8606476656001	20.0214312335326	20.0316051095952
424	10000	gibbs	891.157	0.011531601721311	5.00860631415157	9.99276310737411	20.0329625240761
424	10000	cavi	0.279999999999973	0.0312864918991365	4.99641377362654	9.97643125710226	20.0080361056892
425	10000	gibbs	906.913	0.011343181800592	5.01726263621951	9.9736425873453	19.9629157822745
425	10000	cavi	0.254000000000019	-0.0208615530442791	5.02107769249236	9.96420405858904	19.9927049707942
426	10000	gibbs	890.98	0.0412407997404967	4.99792701406725	10.0249156155081	19.988444245546
426	10000	cavi	0.255999999999972	0.0157333820885294	5.00404937994228	10.0336585670988	20.0005364019374
427	10000	gibbs	910.823	0.0619221512698899	4.98282665652097	9.99168063347306	19.9902427136643
427	10000	cavi	0.257000000000062	0.025674921910794	4.99291680202064	10.0074804207597	19.9797775171562
428	10000	gibbs	911.74	-0.00793705892691003	5.03660446892281	9.99486590740836	19.9688214155741
428	10000	cavi	0.249000000000024	-0.00528456631435022	5.02711915898026	9.96839867824743	19.9757120034641
429	10000	gibbs	916.961	0.0209010685170073	5.00749085953809	10.0157040223316	19.9748370101543
429	10000	cavi	0.238000000000056	-0.0192741650868845	5.01287665970331	10.0222939952246	19.9636476048959
430	10000	gibbs	905.152	-0.0398243417082217	5.05002732965574	10.0162643456761	19.9963346415908
430	10000	cavi	0.23599999999999	-0.0161362871190572	5.02464495527834	10.0027782106623	20.0140908898484
431	10000	gibbs	909.867	0.0229306518735983	5.09608200508303	9.94638519320129	19.9708597353878
431	10000	cavi	0.259999999999991	0.00176802327764066	5.04098910458691	9.96512571352095	19.969201299252
432	10000	gibbs	896.997	-0.0124816900956537	4.96560654877621	10.0024373972999	20.0006284763948
432	10000	cavi	0.260999999999967	0.011270919515705	4.96818831307269	10.0066817052409	19.995025165814
433	10000	gibbs	905.171	-0.0248475142380019	5.0072642708036	10.008414989924	19.9728414812559
433	10000	cavi	0.255999999999972	-0.0250198545841261	5.01583173594563	10.008135786219	19.9874428547442
434	10000	gibbs	909.47	0.0509450403492743	4.94924535781959	9.98762064978555	19.9446220376877
434	10000	cavi	0.241999999999962	0.0092848983753818	4.96393846119976	9.99662914096005	19.9703906515325
435	10000	gibbs	894.706	-0.00588094676029119	5.05385952509682	10.0353933214981	19.9975541291158
435	10000	cavi	0.240000000000009	0.0253055877148423	5.03852333116128	9.99864803508893	19.998727432741
436	10000	gibbs	905.938	0.0516886548554604	4.94898660352721	9.97104933336792	20.011247211717
436	10000	cavi	0.238999999999919	0.0252800337036087	4.95089318756728	9.98674085697061	20.0005712281117
437	10000	gibbs	904.312	0.0206093422575403	5.01036025569719	10.0221769995587	19.9634989978709
437	10000	cavi	0.2650000000001	0.0168898602974467	5.0005282252084	9.957095969438	19.9940383573077
438	10000	gibbs	903.135	0.0218072437610414	4.98622308538414	9.92937944379899	20.0020374006565
438	10000	cavi	0.240999999999985	0.021601179357042	4.97862798703636	9.96596510062671	20.0271462011913
439	10000	gibbs	906.018	-0.0111225791854738	5.07197331791136	9.99920384402477	19.9913867407872
439	10000	cavi	0.210000000000036	-0.0108534628683056	5.03284582690668	9.98891184482371	19.9852820376823
440	10000	gibbs	908.298	0.0197908284626999	4.9865123928594	9.988826327683	19.9999623827449
440	10000	cavi	0.246999999999957	-0.00185950405576957	4.9769556536034	9.98791337275631	20.0011113449207
441	10000	gibbs	890.16	-0.00786878528283996	4.94653492834343	10.0333954770528	19.9979182921856
441	10000	cavi	0.248000000000047	-0.000621031569611774	4.9766188894396	10.0152800597336	19.9981566351231
442	10000	gibbs	899.111	0.0198903898336413	5.00445965745457	9.98816194966331	20.0411677591354
442	10000	cavi	0.225999999999999	0.0200056699768151	5.00439330813923	9.9933551842607	19.9939742725931
443	10000	gibbs	896.51	-0.0381412989749507	4.96417527802838	10.0047777322725	19.990970240425
443	10000	cavi	0.259000000000015	-0.0391737980821669	4.94272956398508	9.98201224440781	19.9678227985045
444	10000	gibbs	895.69	-0.0239239060346421	4.99755139467815	9.93904819769155	19.9521690563452
444	10000	cavi	0.247999999999934	-0.052146755045559	4.98949998135462	9.96949385886021	19.9773182011517
445	10000	gibbs	1244.003	-0.00852095209751427	5.03157231090895	10.028167711096	20.0280652709762
445	10000	cavi	0.355999999999995	0.00678807997444402	4.99644764171252	10.0262941268041	19.9709231110104
446	10000	gibbs	1253.143	0.058793706024715	5.0101882051086	9.97324534876701	20.0090975222134
446	10000	cavi	0.376999999999953	0.0543586167114273	5.0078968170843	9.97137048374947	19.9777823032016
447	10000	gibbs	1264.21	-0.040178214982529	5.01405610561773	9.99119292813407	19.9558853791443
447	10000	cavi	0.34699999999998	-0.0233533883527211	4.98081331866481	9.99838959668123	19.9835424369125
448	10000	gibbs	1261.042	0.0259532594294721	5.02128385391717	9.92378755773844	20.0057266402129
448	10000	cavi	0.379999999999882	0.00897417839329497	4.98347182240179	9.94719895898397	20.0009727692908
449	10000	gibbs	1261.438	1.48923296138837	8.69542303032056	19.8166063833567	20.1281135551382
449	10000	cavi	0.384999999999991	-0.00117174359387402	5.00857225856933	10.0039716092096	19.9921076740853
450	10000	gibbs	1257.723	-0.0247116527647293	4.99160496354363	10.0213595343979	20.0420131308576
450	10000	cavi	0.36200000000008	-0.0246316160364137	5.00915164553872	10.0101837040607	20.0078179296593
451	10000	gibbs	1264.073	-0.0575693025922851	5.00864366794286	10.004906648194	19.9544570928549
451	10000	cavi	0.364000000000033	-0.00528197236294092	5.01984872506378	9.99576582645271	19.9685284030705
452	10000	gibbs	1263.406	0.0080885272783096	4.95651014458992	9.97996173443894	19.9813949483696
452	10000	cavi	0.342999999999847	0.00267302591204879	4.97055198895916	10.0083599532395	19.9843876239018
453	10000	gibbs	1261.824	0.0231285729757339	4.98700517374095	10.0429773144358	20.0178629574288
453	10000	cavi	0.341000000000122	0.00617622737297286	4.99159531606286	10.0235258370127	19.9786078157858
454	10000	gibbs	1292.519	-0.0452038773445184	5.00990836207907	9.94339280319481	19.993489138901
454	10000	cavi	0.413000000000011	-0.0113503314796373	4.99529485446411	9.97361158396847	20.0191481323246
455	10000	gibbs	1290.367	0.050826290230101	4.89040501248347	9.94536261903779	20.0022248450302
455	10000	cavi	0.370000000000118	0.0209150548006748	4.97621800386077	9.98730333842698	19.9757999064571
456	10000	gibbs	1290.585	0.0645062765205762	4.99381868051845	9.9528880175373	20.0217785907196
456	10000	cavi	0.411000000000058	0.0397733085915317	5.01986119695062	9.97216451101465	20.0035415367768
457	10000	gibbs	1295.011	0.0378647092021435	4.92751216492425	9.9506330940122	20.0257690122387
457	10000	cavi	0.410000000000082	0.0139104010930144	4.95375574730373	9.96475276279951	20.0184034968539
458	10000	gibbs	1297.954	-0.0135312618032394	5.04272924149049	10.0063546870203	20.0172933225711
458	10000	cavi	0.365999999999985	-0.0028193011761485	5.01740894183346	9.98257136579853	20.01378707572
459	10000	gibbs	1293.906	0.0136004953283036	4.95145694482566	10.027154275156	19.9978164108761
459	10000	cavi	0.383000000000038	0.0223195834857384	4.99663016206911	10.0124076966743	19.984253432148
460	10000	gibbs	1296.139	-0.00677520661390803	5.02010358005875	10.0144786988108	19.9846386499254
460	10000	cavi	0.351000000000113	0.0189251354928954	5.01591608616887	10.0182993919706	19.9932109251428
461	10000	gibbs	1291.74	-0.031140061284304	4.97828576997373	9.97066965523461	20.045967535918
461	10000	cavi	0.422000000000025	0.0100249154684752	4.98892377979174	9.99647019575442	19.9976614721428
462	10000	gibbs	1301.628	-0.0254342464714922	5.00126893236859	9.99146761821286	19.9732464974652
462	10000	cavi	0.357999999999947	-0.0283104693786775	5.0075718081942	9.98524693213205	20.0044939254092
463	10000	gibbs	1293.507	0.00697213372915165	4.98992155603456	9.98157183907871	19.9843057398535
463	10000	cavi	0.3900000000001	-0.00825526458430539	5.01135341430177	9.99821204631404	19.9782299481514
464	10000	gibbs	1292.434	0.0170702440009257	5.01432221549679	10.0378449969331	20.0295763152733
464	10000	cavi	0.36200000000008	-0.00838090429209394	5.01291882661609	10.0380145619675	20.0024516304277
465	10000	gibbs	1295.487	-0.0056063231230005	4.97316106582913	10.0219035792721	20.0047078007852
465	10000	cavi	0.350000000000136	-0.0162908279044657	4.98608173772284	10.04064350005	20.0066311173209
466	10000	gibbs	1294.251	-0.0623398248937717	4.97995470257776	10.0428075291289	19.9723966930618
466	10000	cavi	0.344000000000051	-0.0378302722350711	4.98401844722461	10.0148794734656	19.9741038439808
467	10000	gibbs	1293.554	-0.0238781687229843	4.98313404188776	10.0066172649421	19.9601859824836
467	10000	cavi	0.381999999999834	-0.0133228923120658	5.00361018977224	10.0265831386948	19.9602686087884
468	10000	gibbs	1295.207	-0.0133870660699289	4.98803727914759	10.033263462	19.9960006077776
468	10000	cavi	0.358999999999924	8.78782122664707e-05	5.01599396684112	10.0068841337377	19.9930225890235
469	10000	gibbs	1300.034	-0.0354631509874396	4.976946716005	9.94547633266919	20.0109984892955
469	10000	cavi	0.336000000000013	-0.0188744926695143	4.98862678651158	9.98154034838385	19.9874148630668
470	10000	gibbs	750.107	-0.0610633797338264	5.00252909823389	10.0054620057136	19.9851502484662
470	10000	cavi	0.246999999999957	-0.0435461596261812	4.9893591374398	9.98870136456482	19.9760200175175
471	10000	gibbs	757.49	-0.0124239668978568	5.03239720634312	9.98022329021903	20.0309460674291
471	10000	cavi	0.23700000000008	-0.00252865129599654	5.014863810012	9.98531385794208	19.9944823131177
472	10000	gibbs	754.423	0.0118538665022594	4.98731548590097	9.98475924785643	20.0165006597063
472	10000	cavi	0.227999999999952	0.000136787998652601	4.98316512653885	9.98034412283796	20.0014239794199
473	10000	gibbs	757.208	-0.00647127839774103	5.05283972379924	10.0000428802269	19.9605670239002
473	10000	cavi	0.22199999999998	-0.0204875725917534	5.01175548297061	10.0182052702096	19.9797319508188
474	10000	gibbs	757.449	-0.030491270747465	5.02126894422278	10.031780796216	19.984552983398
474	10000	cavi	0.208999999999946	-0.0106839846793166	5.01275974169762	10.0193625822547	19.9938446294043
475	10000	gibbs	797.9	0.0267464211479585	5.05815341231807	9.99558781403604	19.9868862159268
475	10000	cavi	0.241999999999962	-0.00710011738664291	5.02498046900941	10.0133211365286	19.992410722826
476	10000	gibbs	784.157	-0.0189148162643713	4.94385461500962	9.92143420667599	19.9831467696163
476	10000	cavi	0.237999999999943	-0.016082209245335	4.95798557345937	9.95778037821303	19.9998722716704
477	10000	gibbs	795.456	0.0367925380253788	5.03027440788	9.96382968754027	19.9499101460267
477	10000	cavi	0.226999999999975	0.00782564124599336	5.02903346936956	9.9803287072346	19.9727913316471
478	10000	gibbs	821.85	-0.0680318994666649	5.09849208078316	10.0067554139681	19.9911099630783
478	10000	cavi	5.28399999999999	-0.0265780106775293	5.06522880913055	10.0149082699822	19.9823499607179
479	10000	gibbs	795.968	0.0351396049411654	5.01070581995103	9.99508569323185	19.9978175618284
479	10000	cavi	0.226999999999975	0.00910582343345885	5.00700268294634	10.0175160518392	20.0088611856925
480	10000	gibbs	822.078	0.0426161839923467	4.96012670769973	10.0237894321618	19.9552993393853
480	10000	cavi	5.25700000000006	0.0112603575131491	4.99739200187543	10.0024300535223	19.9740223483063
481	10000	gibbs	793.953	0.0675297511221433	5.01689552652258	10.0047557893297	20.0344689313822
481	10000	cavi	0.226999999999975	0.0231364397862564	5.02485324815665	10.0013481796536	20.0017435504583
482	10000	gibbs	823.212	1.38166882976691	8.67085092840425	19.9014173409269	20.105764653272
482	10000	cavi	0.22300000000007	-0.037440557296613	4.97342462141238	10.0110504562178	19.9758542952842
483	10000	gibbs	794.39	-0.000559300364656613	5.0608661138515	9.9810016884517	20.001779382502
483	10000	cavi	0.230999999999995	-0.0118485688816577	5.03452901149223	9.99491187595991	19.9879793712628
484	10000	gibbs	831.657	0.0327085234431634	5.03583718311019	10.0287211536401	19.9523189540038
484	10000	cavi	0.226999999999975	0.00712370762058808	5.00288467819128	9.99468884835432	19.9236915117634
485	10000	gibbs	795.59	0.0204888030768948	5.07391216656979	9.98126697738098	19.9478434313641
485	10000	cavi	0.250999999999976	0.0117744817071841	5.05346015324092	9.98421335891931	19.9582583310156
486	10000	gibbs	819.444	0.0198753208848895	5.00787942241008	9.98049712038168	20.0150666267411
486	10000	cavi	0.254999999999995	0.0309507318042893	5.00621793825386	10.0080104322097	20.000022542869
487	10000	gibbs	795.105	-0.0151030145494554	5.00592040125994	9.98616952914735	20.0224386302147
487	10000	cavi	0.252000000000066	-0.00699215362602661	4.98953816972542	9.99857052107474	20.0058814778645
488	10000	gibbs	796.173	-0.000508361660179542	4.99744529240224	9.97434797425447	19.9998256461878
488	10000	cavi	0.230999999999995	0.0121377076889679	4.99559033269204	9.9594594088685	19.9874570051086
489	10000	gibbs	821.153	0.0151952543461661	5.06677302341391	9.95892114438326	20.0070893508031
489	10000	cavi	0.23700000000008	0.0048111346208403	5.01740470250506	9.98923679810272	20.0148745139738
490	10000	gibbs	784.158	0.0280759628595216	4.9976235186182	9.95369880963165	20.004426116824
490	10000	cavi	0.239999999999895	0.0212062861206043	4.98851675582376	9.97247079167572	19.9997029572612
491	10000	gibbs	795.103	-0.0167585266284287	4.92693919577537	9.98239303213407	19.9629618425428
491	10000	cavi	0.218999999999937	0.00552300211301799	4.97586029654626	10.0279136153067	19.9770678280145
492	10000	gibbs	821.016	-0.0121892457366709	4.96433141986822	9.96161227297112	19.9187582875688
492	10000	cavi	0.215000000000032	0.00107498232399369	4.99116435014689	9.98836219100962	19.9603336942074
493	10000	gibbs	715.082	-0.00328661909301345	5.03074426359325	9.99349258200295	20.0131054252225
493	10000	cavi	0.231999999999971	-0.00523756683384067	5.03437822276067	9.98953544584213	20.0094315339045
494	10000	gibbs	793.173	-0.0324206186442961	4.98338337019127	9.98576900730093	19.9992838629377
494	10000	cavi	0.230999999999995	-0.0193808769825681	4.98555785819743	9.99976166956247	19.9896811581946
495	10000	gibbs	791.123	-0.0568368089469697	4.9794991129572	10.032014483162	20.013073050492
495	10000	cavi	0.198999999999955	-0.0375032170525274	4.98728236891613	10.0109570990317	20.0084465985582
496	10000	gibbs	817.89	-9.57022368905207e-05	4.98477021610474	9.98355710386478	20.0145934276477
496	10000	cavi	0.22199999999998	0.0207228295160221	5.00364576760335	10.016779581855	19.9978798283084
497	10000	gibbs	817.427	-0.0238666553470834	5.00464745110033	10.0224118849986	20.0333660870464
497	10000	cavi	0.242999999999938	-0.00323322677156229	5.02024795644048	10.0421685327435	19.9920824690941
498	10000	gibbs	717.899	-0.0699952913089495	4.99673718435392	9.99738589259511	20.0315962424889
498	10000	cavi	0.215000000000032	-0.0256614040509092	4.98830698752716	10.0088667680349	20.0204172764668
499	10000	gibbs	777.635	0.0128368559876958	5.04802926703079	10.0150894096196	19.9997906883705
499	10000	cavi	0.228000000000065	-0.0183943558616105	5.01645094081301	9.9971273754411	20.0113233649499
500	10000	gibbs	716.217	0.0136363942645121	4.99056931854052	9.99830732310489	19.9424341191155
500	10000	cavi	0.22199999999998	0.0196983132805884	5.01394716033829	9.985310333518	19.981665776725
