i	n	method	time	mu_1	mu_2	mu_3	mu_4
1	1000	gibbs	71.698	-0.0948035609695908	4.87551461726942	9.90996492612472	20.0227613200599
1	1000	cavi	0.0529999999999973	-0.0954022813817745	4.8755753323729	9.90987575793153	20.0221166734904
2	1000	gibbs	75.922	-0.0615716487903983	4.85318805971491	9.92988175544037	19.9660557276964
2	1000	cavi	0.0520000000000067	-0.0607445455285045	4.85411653792496	9.92954644028914	19.9665280867902
3	1000	gibbs	75.73	-0.0899410866941307	4.88369734553079	9.96897264526394	19.9228154905199
3	1000	cavi	0.0529999999999973	-0.0895746627565582	4.8844194924197	9.96822169355643	19.9227540219427
4	1000	gibbs	75.978	0.0958042105847906	4.93169874956559	10.0245554748012	19.9030031708552
4	1000	cavi	0.0460000000000065	0.0955861164276879	4.93212314958538	10.0248468135892	19.9030652595185
5	1000	gibbs	75.777	0.628407595410094	6.60288510737297	14.7619900669516	19.9079931383183
5	1000	cavi	0.0500000000000114	-0.0230242736794045	4.87758376849101	9.93269793173683	19.8600982510464
6	1000	gibbs	75.775	-0.0185653317058615	4.98592306744909	9.94654478818649	19.9164372260535
6	1000	cavi	0.0519999999999925	-0.0185875980780994	4.98285464097434	9.94707057955204	19.916287504211
7	1000	gibbs	75.526	-0.113001050505807	5.07834818471216	10.0479909971051	19.9518812505204
7	1000	cavi	0.0510000000000019	-0.112971692789592	5.07884046614289	10.0488996362769	19.9525685428654
8	1000	gibbs	76.306	0.652746188667296	6.85062195461706	14.829855531133	19.9747248571667
8	1000	cavi	0.0480000000000018	0.0345990322773907	4.95591347289736	9.96671401938131	19.9339423882221
9	1000	gibbs	75.89	-0.0561281435778921	4.99092562788646	9.93750708882338	19.9701905433664
9	1000	cavi	0.0460000000000065	-0.0560746984478265	4.99198743118368	9.93683859395859	19.9709617199775
10	1000	gibbs	76.22	-0.0712222298447045	5.06200850582923	10.0230610409678	20.0089648918418
10	1000	cavi	0.046999999999997	-0.0709737145771837	5.06083654529575	10.0224292699062	20.0094884063991
11	1000	gibbs	75.682	-0.0159430757275891	4.90180775668384	9.99025632695919	19.9211269840412
11	1000	cavi	0.0499999999999972	-0.014559746687035	4.90255610116162	9.99011240079185	19.9210505424256
12	1000	gibbs	75.486	-0.0431558845850881	4.9888882599503	10.0045463399131	19.9172839584907
12	1000	cavi	0.0489999999999924	-0.0427155146423755	4.98873753534058	10.0035399741719	19.9177059235659
13	1000	gibbs	75.713	0.0315707694141295	4.93986627531352	10.001740323995	19.8956214256297
13	1000	cavi	0.046999999999997	0.0316601628040417	4.9396923342892	10.0011547454679	19.8958190131464
14	1000	gibbs	75.411	-0.0337029841613702	4.90540158067645	9.87364383794535	19.9325975842195
14	1000	cavi	0.0529999999999973	-0.0341101284406489	4.90559655274609	9.87398154853497	19.9336283906431
15	1000	gibbs	75.663	0.00864866534498793	4.98019431431316	9.82639908925207	19.8780956011502
15	1000	cavi	0.0480000000000018	0.00855263454684198	4.98081813336299	9.82706514150201	19.8780643028503
16	1000	gibbs	75.567	-0.00976505203619117	4.98871910178857	10.0764013662124	19.8746858708269
16	1000	cavi	0.0480000000000018	-0.010331213599936	4.98941711548362	10.0761471987293	19.875421972577
17	1000	gibbs	76.269	0.00619848228741257	4.91685372475216	10.0714428604115	19.9276005740467
17	1000	cavi	0.0470000000000113	0.00570357570116701	4.91616254164518	10.0705481225288	19.9279369439641
18	1000	gibbs	75.751	-0.0267569485195611	4.9303269454557	10.0806593231012	19.9059358855078
18	1000	cavi	0.0489999999999924	-0.0278516170035577	4.92813313967691	10.0796567141204	19.9052686887807
19	1000	gibbs	75.888	-0.0312369771391264	4.9285464221443	10.0247288030075	20.0268862328567
19	1000	cavi	0.0459999999999923	-0.0311150023379167	4.92827556148703	10.0254181922699	20.0268173662443
20	1000	gibbs	75.565	-0.0243039048513614	4.94184593100442	9.9695914826686	19.9584861199308
20	1000	cavi	0.0460000000000065	-0.0233189738257146	4.94153346601716	9.96807285574587	19.9580845418429
21	1000	gibbs	75.571	-0.00800669919303234	4.95001994185117	9.86146425798272	19.8614502733229
21	1000	cavi	0.0490000000000066	-0.00664929841803381	4.95040845806946	9.86195062799297	19.8628348754226
22	1000	gibbs	77.343	-0.129230201332592	4.83895758722372	9.94047047476801	19.8379721222165
22	1000	cavi	0.0439999999999969	-0.126818957296397	4.83906982413979	9.93917232487303	19.8369836975168
23	1000	gibbs	75.517	-0.0560709583355836	5.08120263011033	9.93688976671143	19.9340623131443
23	1000	cavi	0.0499999999999972	-0.0562137907645653	5.08070253942361	9.93666658602084	19.9348274680914
24	1000	gibbs	75.353	0.0754065431172426	4.92778003635175	9.8991871988135	19.8331989281381
24	1000	cavi	0.0500000000000114	0.0756470069783459	4.92807425158435	9.89935733798478	19.8336225723074
25	1000	gibbs	75.434	-0.00517037892709048	4.89415502770831	9.98482109385859	19.9730744915858
25	1000	cavi	0.0489999999999924	-0.00573638105373389	4.89348813408432	9.98563072027654	19.9735390427941
26	1000	gibbs	74.974	0.800064532089948	6.94314998727267	14.8181450127299	20.006590317564
26	1000	cavi	0.0499999999999972	-0.0259155262854844	4.94013908779727	9.94946931613674	19.9594379349238
27	1000	gibbs	75.831	0.00650074575478319	5.03115293239683	10.019979012995	19.889148719835
27	1000	cavi	0.0480000000000018	0.00618452588843146	5.03060704668477	10.0199335242753	19.8901083986873
28	1000	gibbs	75.27	0.0100080625393148	4.90961203053441	9.92339030699492	19.9214997682488
28	1000	cavi	0.0499999999999972	0.0100353119105315	4.90959494802379	9.92380805764699	19.9217950235008
29	1000	gibbs	75.333	-0.0231860972565358	5.00142672594454	9.97861221371854	20.0091205083473
29	1000	cavi	0.0480000000000018	-0.0239068603929277	5.00239396908248	9.97784726586825	20.0088311105071
30	1000	gibbs	75.219	-0.0541876169374258	4.92997022132587	10.0140574509381	19.8977997085215
30	1000	cavi	0.0499999999999972	-0.053633070243115	4.931413298789	10.0147424615727	19.8969598738761
31	1000	gibbs	75.238	-0.0149086171091821	4.8903771629096	9.84152164073561	19.9487621927413
31	1000	cavi	0.0499999999999972	-0.0160059861990704	4.88910472192083	9.84043113408378	19.9476919018879
32	1000	gibbs	75.247	0.0311280003395103	4.96633233616194	9.89128871838213	19.8736223076683
32	1000	cavi	0.341999999999999	1.60287405652276	8.85135298683033	19.4716613570828	20.1032890290113
33	1000	gibbs	75.358	-0.00940376468454116	5.12350111064462	10.0126794245026	19.8860711252113
33	1000	cavi	0.0480000000000018	-0.00960157452611606	5.12379774385541	10.01234901263	19.8860387334487
34	1000	gibbs	75.824	-0.0108991429728408	5.06864648612581	9.9961581130671	19.9063057987081
34	1000	cavi	0.0489999999999924	-0.0112975013599374	5.06956835356973	9.99686574782322	19.9064444387857
35	1000	gibbs	75.86	-0.0126458735953287	4.95943467329619	9.89487981837294	19.8236903876929
35	1000	cavi	0.046999999999997	-0.0107845010535387	4.9601238513701	9.89519932697624	19.8233293458767
36	1000	gibbs	75.697	0.0769007026183702	4.96714640545441	9.94219217100437	19.9184656070966
36	1000	cavi	0.0460000000000065	0.0756950024900963	4.96772730072045	9.9439115964404	19.9187102563781
37	1000	gibbs	75.737	-0.0854874456189648	4.99596845506366	9.98696542695642	19.9373380408202
37	1000	cavi	0.046999999999997	-0.0847604147766181	4.99698859530676	9.987315195965	19.9368785137407
38	1000	gibbs	75.512	0.0338360567389954	4.83599797778429	10.070995306963	19.9234562020647
38	1000	cavi	0.0480000000000018	0.0336501963087514	4.8350833534214	10.0721610277647	19.9239605455716
39	1000	gibbs	75.69	0.128436203722765	5.08393860035692	10.0511014410396	19.894495942503
39	1000	cavi	0.0500000000000114	0.128224387242666	5.08363689439519	10.050975083764	19.895080892775
40	1000	gibbs	75.299	-0.021224284004112	5.05315183519399	9.9520427405904	19.8202393912335
40	1000	cavi	0.0510000000000019	-0.0211471941723343	5.05473062950997	9.95240072006885	19.8212840112348
41	1000	gibbs	75.654	0.0734235122657747	4.96344264191465	9.93598323699689	19.962302040544
41	1000	cavi	0.046999999999997	0.0727215863625618	4.96449405708326	9.93564287631521	19.9615860798608
42	1000	gibbs	76.614	-0.0414782172156379	4.95897087433529	9.93649562767751	20.0502188423717
42	1000	cavi	0.0430000000000064	-0.0415576909566527	4.95880213293269	9.93544059230445	20.0515952181514
43	1000	gibbs	75.317	-0.00789595466478441	4.91033257196289	10.0537841960464	19.9280625630414
43	1000	cavi	0.0480000000000018	-0.00827951229269123	4.9109082419366	10.0534475387587	19.9282292751199
44	1000	gibbs	75.59	0.0370992902729776	5.01171536616937	9.95420535421137	19.7813430065297
44	1000	cavi	0.0489999999999924	0.0389051173335402	5.01102368692716	9.9536222037445	19.780762601738
45	1000	gibbs	75.296	0.240803341177434	6.52807344133123	14.7652839327826	19.9547138351948
45	1000	cavi	0.0510000000000019	-0.053869817267339	5.04534370703243	9.96136463499067	19.8858517337289
46	1000	gibbs	75.46	-0.00629973585343106	5.03936930314359	9.91535206153923	19.9232105047632
46	1000	cavi	0.0490000000000066	-0.00722962548525495	5.04152974197138	9.91628088395511	19.9239446505087
47	1000	gibbs	75.378	0.0372605768620929	5.04359955686352	10.0271898387968	19.7775666941698
47	1000	cavi	0.0489999999999924	0.0366080161590375	5.0446254962665	10.0282888618032	19.7771461184288
48	1000	gibbs	75.416	-0.0729964615203412	5.03298576824622	9.95134857220667	20.0676351650553
48	1000	cavi	0.0480000000000018	-0.0734277120392245	5.03258803463326	9.95043525548343	20.0674859391076
49	1000	gibbs	75.361	-0.0127932184718164	4.9201858423022	9.982350051572	19.9065228931228
49	1000	cavi	0.0490000000000066	-0.0132723350514777	4.91989764825239	9.98256766938164	19.9060392830216
50	1000	gibbs	75.739	-0.116915134987192	4.98597146882073	10.0243358444472	19.9245167120866
50	1000	cavi	0.0480000000000018	-0.117273487981685	4.98511317979976	10.0234807840832	19.9241775343136
51	1000	gibbs	75.942	-0.00807361039879689	4.86261340399818	9.92834620757806	19.9752146410398
51	1000	cavi	0.0500000000000114	-0.00677947240119645	4.86343998059445	9.92819134629278	19.9750281022745
52	1000	gibbs	75.755	0.0297874098808567	5.01041046359757	9.97887996464667	19.987060398953
52	1000	cavi	0.0529999999999973	0.0292160851922527	5.00974404424715	9.97896314754007	19.9870031226267
53	1000	gibbs	75.521	-0.0494738741988836	5.07595702842253	10.0629082609276	19.9146999845279
53	1000	cavi	0.046999999999997	-0.0496985124920261	5.0753274858418	10.0618823601771	19.9140910947376
54	1000	gibbs	75.682	0.0176582871226024	4.99297412067874	9.90251269283991	19.8803418020043
54	1000	cavi	0.0510000000000019	0.0173407490287481	4.99359397073945	9.90192718826116	19.8807905256114
55	1000	gibbs	75.689	0.10940091042415	5.01995601489377	9.86079548952106	19.9073891085648
55	1000	cavi	0.0490000000000066	0.108454895529036	5.01973958554932	9.86052697015889	19.9073575313633
56	1000	gibbs	75.261	-0.00412557498230928	4.95712535408874	9.92132772151699	19.997711068818
56	1000	cavi	0.0529999999999973	-0.00496234348469979	4.95701272372587	9.9209355161922	19.9973895156035
57	1000	gibbs	76.155	0.0380706642016431	5.05563402249833	9.83939996488264	19.8957487466897
57	1000	cavi	0.0450000000000017	0.0377851675430602	5.05518114360575	9.83959864198612	19.8940649776
58	1000	gibbs	75.408	0.0133292856939769	5.04924812341511	10.0178757117003	19.9303204138835
58	1000	cavi	0.0490000000000066	0.013398619545563	5.04985189307823	10.0173585645486	19.9306205944142
59	1000	gibbs	75.787	-0.0608794286777225	4.9944259749964	9.93623919504213	19.9973148087121
59	1000	cavi	0.0499999999999972	-0.0599103303477929	4.99473016229292	9.93594860161253	19.9975297839459
60	1000	gibbs	75.439	0.0291309234223656	4.97290286950115	9.93539382900844	19.8311915179576
60	1000	cavi	0.0480000000000018	0.0295124713937511	4.97323331517521	9.93550258713749	19.8322033615843
61	1000	gibbs	75.617	-0.0483662597966866	5.01884147641742	9.93763768220147	19.8788367996334
61	1000	cavi	0.0519999999999925	-0.0486539019652429	5.01899586663211	9.93781759112084	19.8793110651594
62	1000	gibbs	75.491	-0.0926324382566845	5.01461792343549	9.91530599615124	20.0013427136431
62	1000	cavi	0.0490000000000066	-0.0919914596081216	5.01578095185382	9.91531925035852	20.0004251754466
63	1000	gibbs	75.359	0.0636516429524292	4.95811459367359	9.93457454263296	19.9075435262587
63	1000	cavi	0.0510000000000019	0.0645097370014462	4.96006628938408	9.93568659710489	19.9072233898913
64	1000	gibbs	74.689	0.0972297043282056	4.91690132995631	9.89166566958121	19.995680896174
64	1000	cavi	0.0470000000000113	0.0970375693552007	4.9176502671521	9.89244321076891	19.9965073263152
65	1000	gibbs	75.419	-0.0125041793436484	4.98860711175657	9.93560442773301	19.8782436916829
65	1000	cavi	0.0500000000000114	-0.0128961149284651	4.9895582768696	9.93587151941281	19.8789277666878
66	1000	gibbs	75.954	0.0142298102654761	5.04651153827589	9.94988710537682	19.9519199118764
66	1000	cavi	0.0490000000000066	0.0136908133056604	5.04813991996577	9.95006372078646	19.9522936756349
67	1000	gibbs	75.555	0.182941555819934	4.97562834480679	9.893165753041	19.858052025567
67	1000	cavi	0.0520000000000067	0.181828867986694	4.97471120904248	9.89277237385762	19.8578578998405
68	1000	gibbs	75.637	0.0741553029828101	5.00036888074432	9.89029306460647	19.9892544300799
68	1000	cavi	0.0509999999999877	0.0759007251603761	4.99949988959178	9.88944939097474	19.9886460814185
69	1000	gibbs	75.268	-0.0611686758948425	5.03805146957959	9.9526574372226	19.9147812625111
69	1000	cavi	0.046999999999997	-0.0611092571121121	5.03801233288929	9.95226057073421	19.9151586234859
70	1000	gibbs	75.755	-0.0537790979427948	5.08483604402434	9.81130471279005	19.8375367863574
70	1000	cavi	0.0480000000000018	-0.0532487832908602	5.08494181878044	9.81077950184346	19.8377548812145
71	1000	gibbs	75.699	-0.00128992890299791	4.96322703516636	9.94603444139254	20.0045036910918
71	1000	cavi	0.0480000000000018	-0.00174321930725791	4.96403359070895	9.94703931803391	20.0040250866372
72	1000	gibbs	75.461	0.00999855018239577	4.92456561623251	9.96089610313564	19.9268208379656
72	1000	cavi	0.0480000000000018	0.00997258347295525	4.92572280534302	9.96115666040944	19.9268792224732
73	1000	gibbs	75.647	-0.0411552169934833	5.04617138437577	9.95766729344556	19.9068177618545
73	1000	cavi	0.0499999999999972	-0.0413254081481835	5.0446330564552	9.95707262446226	19.906492833253
74	1000	gibbs	75.772	0.00593089989139953	4.95519599928707	10.0088204651626	19.9678969625384
74	1000	cavi	0.0480000000000018	0.00664704541038372	4.95473715217155	10.0069470672363	19.9679115545337
75	1000	gibbs	75.511	-0.0402012728283355	4.87644970892174	9.91571995637847	19.8867375523441
75	1000	cavi	0.0490000000000066	-0.0396668267268115	4.87701922867996	9.91597080497667	19.8868812521009
76	1000	gibbs	75.424	-0.00410659881410705	4.92142597115032	9.86897133879238	19.8317948241435
76	1000	cavi	0.0499999999999972	-0.00344319566337072	4.92238146576722	9.86853156918381	19.833964019664
77	1000	gibbs	76.186	-0.0216077989023356	4.93785572767459	9.91097244938456	19.9795202282922
77	1000	cavi	0.0450000000000017	-0.0212131599509057	4.93905989151198	9.91202680314553	19.9781834325461
78	1000	gibbs	75.732	-0.0597184088731601	4.90974648706357	9.95307741004081	19.9296156215098
78	1000	cavi	0.0500000000000114	-0.0593516852570714	4.91058955346973	9.95273635460582	19.9306339094869
79	1000	gibbs	75.613	-0.0897516713360203	5.05190720664824	9.92362174409514	19.8698193285963
79	1000	cavi	0.0519999999999925	-0.0900388914718086	5.05143004271795	9.92331492193732	19.8696552873512
80	1000	gibbs	75.552	0.0330423875574606	5.07773677965407	10.014469290802	19.934995805154
80	1000	cavi	0.0499999999999972	0.0340837374677324	5.07710976683096	10.0136966273397	19.9350776262789
81	1000	gibbs	75.62	-0.0303672362844259	4.90223721456147	9.99388471103613	19.8478923661153
81	1000	cavi	0.0500000000000114	-0.0302578097661997	4.90153520177302	9.99369963267181	19.8479087801128
82	1000	gibbs	75.368	-0.00892380942796375	5.04343611721903	10.0035299905834	19.9007147502222
82	1000	cavi	0.0490000000000066	-0.00934413006082937	5.04375094718057	10.0034982519693	19.9011947521182
83	1000	gibbs	75.04	-0.00123892173352178	4.90559299289445	9.94063947713021	19.9927180024241
83	1000	cavi	0.0489999999999924	-0.000711612368814023	4.90591726356061	9.9402038978196	19.9923664916478
84	1000	gibbs	75.112	0.0692381622103145	4.87623912170068	9.94650867153811	19.9188090790463
84	1000	cavi	0.054000000000002	0.069679955534178	4.87777958475274	9.94588457617817	19.917841746468
85	1000	gibbs	74.961	0.013515558099248	4.91277443144233	9.96823329637687	19.9255372090387
85	1000	cavi	0.0499999999999972	0.0124227046410626	4.91293117666508	9.96885336022091	19.9261497821872
86	1000	gibbs	75.047	0.08947259794838	4.9193522102184	9.92708826704282	19.8683185603825
86	1000	cavi	0.0510000000000019	0.0890969647062854	4.91830499448763	9.92639138993543	19.8684982275697
87	1000	gibbs	75.338	0.0018787936003718	4.85395630483707	9.99838209185604	19.9463924301815
87	1000	cavi	0.0499999999999972	0.00100400029261795	4.85454438831588	9.99745559443517	19.946697587805
88	1000	gibbs	77.167	-0.00156312056173749	4.99132744759301	10.010925750673	20.0168870750123
88	1000	cavi	0.046999999999997	-0.00088334922200455	4.99066662942084	10.0111507156731	20.0172163739276
89	1000	gibbs	77.061	-0.055219807431697	4.97899965543666	9.89443020730381	19.8629148413044
89	1000	cavi	0.0489999999999924	-0.0553502589691075	4.97677712482162	9.89286917583238	19.8629784951306
90	1000	gibbs	74.162	0.0584382094230002	5.00011919647155	10.0189196541571	19.9511093086725
90	1000	cavi	0.0510000000000019	0.0597957177371042	5.00069215725477	10.0183729400837	19.9513425715446
91	1000	gibbs	76.973	-0.0192080078485923	5.04311132714795	10.1078674016152	19.8766724591403
91	1000	cavi	0.046999999999997	-0.0197892699095305	5.04280113543136	10.106165870186	19.876856399149
92	1000	gibbs	76.997	0.0642685078258168	5.06662604452985	9.89776504153201	19.8323460452688
92	1000	cavi	0.0520000000000067	0.0634587170194876	5.06554101654172	9.89743917049065	19.8317758140708
93	1000	gibbs	76.552	0.0698728136405923	5.07792109773178	10.1529757065027	19.9868779703465
93	1000	cavi	0.0500000000000114	0.0701390068555202	5.07725114775198	10.1524319752333	19.9874821360416
94	1000	gibbs	76.613	-0.0176172568555758	4.92205670422508	9.90608351980866	19.908673804514
94	1000	cavi	0.0479999999999876	-0.0177844661989244	4.92345174980819	9.90598708583895	19.9084112833119
95	1000	gibbs	74.062	1.07331784582234	7.22064773032683	14.8239606441959	19.9707272708835
95	1000	cavi	0.0480000000000018	-0.0644801961960057	4.89136693621118	10.0010024977891	19.9224291992741
96	1000	gibbs	77.68	2.74492890038898e-05	4.87466213134936	9.88552575274514	19.9130661311289
96	1000	cavi	0.0519999999999925	0.000684402013325561	4.87495201561394	9.88564500141605	19.9141867111233
97	1000	gibbs	77.92	0.00148416239485088	4.99585358797063	10.0115282384903	19.9838186875742
97	1000	cavi	0.0510000000000019	0.000896168078557314	4.99599155442733	10.0105224574244	19.983842936299
98	1000	gibbs	77.752	-0.0398092412875606	5.05047889515974	9.87449318497775	19.963271263
98	1000	cavi	0.0499999999999972	-0.0386758295095814	5.0505154529867	9.8751010310568	19.9617924860606
99	1000	gibbs	77.617	0.123760222941425	4.94119765506647	9.94365305364695	20.0052990477213
99	1000	cavi	0.0509999999999877	0.124599693036772	4.94128522369789	9.94392129821025	20.0063745825605
100	1000	gibbs	77.647	-0.0545660174919013	4.94717308375762	10.041661514314	20.0221096356836
100	1000	cavi	0.0480000000000018	-0.0538878124007819	4.94551297675693	10.0414676906012	20.023243428745
101	1000	gibbs	74.979	-0.0447006037507884	4.89976775908738	9.92336442761341	19.9432432499326
101	1000	cavi	0.0489999999999924	-0.0441315387535243	4.90095896262909	9.92339927531782	19.9428055721873
102	1000	gibbs	75.112	-0.0421258890521667	4.91129604480475	9.9235726224515	19.8650327041951
102	1000	cavi	0.0509999999999877	-0.0415145133061086	4.91337213397589	9.92345823257499	19.8646906472579
103	1000	gibbs	75.101	-0.0951832216470525	4.92482641171136	9.85274746679484	19.8003754860587
103	1000	cavi	0.0490000000000066	-0.095827938178256	4.92537844178415	9.85244960544104	19.8004769980839
104	1000	gibbs	74.864	-0.0569490575436273	4.94084097191335	10.0753962353775	20.0030350188056
104	1000	cavi	0.0499999999999972	-0.0571249118116228	4.9409541769685	10.0768709264297	20.0040358124305
105	1000	gibbs	75.901	-0.137664999160256	4.90522073446155	9.87241013812	19.7901376727554
105	1000	cavi	0.0490000000000066	-0.139617655394848	4.90320340285931	9.87240164451473	19.7897013088265
106	1000	gibbs	75.587	-0.0838948585698987	5.08508484735457	9.94210362656599	19.9097993161715
106	1000	cavi	0.0519999999999925	-0.08389290224936	5.08598359532494	9.94092438309519	19.9097783253236
107	1000	gibbs	75.391	-0.173585505480902	4.87975024047585	9.97558896879916	20.0040353355014
107	1000	cavi	0.0490000000000066	-0.1733467166699	4.87966543164022	9.97429385793764	20.0045381884311
108	1000	gibbs	75.608	0.045657805106949	5.04021565786805	10.0007589668112	19.8034820411596
108	1000	cavi	0.0480000000000018	0.0461414661312969	5.04166181110626	10.001285167959	19.80323809614
109	1000	gibbs	75.681	0.937260297792805	7.0823003825002	14.8252852907661	20.0086405887724
109	1000	cavi	0.046999999999997	0.0122750951357006	4.90448100848388	10.0577281194506	19.9250660364231
110	1000	gibbs	75.444	0.0211332411811666	4.99055480459434	9.97691297481823	19.8563019808724
110	1000	cavi	0.0519999999999925	0.0210627384651931	4.99082611083494	9.97699829376949	19.8561184706764
111	1000	gibbs	75.547	0.059311643821883	5.06533462842015	10.0978611745565	20.0137112351031
111	1000	cavi	0.0489999999999924	0.0592806924694	5.06592540246181	10.0990137699918	20.013126818399
112	1000	gibbs	75.547	0.0603658111521849	4.75013796896787	10.0517842855194	20.0589142900824
112	1000	cavi	0.0520000000000067	0.0613214127517131	4.75005771205048	10.0511638694832	20.0595145766355
113	1000	gibbs	75.536	0.0134816409006272	5.04822311429177	9.88991561135775	19.9913691877355
113	1000	cavi	0.0520000000000067	0.013828783384895	5.04819906396689	9.88979266905697	19.991427054995
114	1000	gibbs	75.32	-0.000862110008518495	4.92799783130222	9.99211649219536	19.8106354805942
114	1000	cavi	0.0499999999999972	-0.000902889465789307	4.9278011284217	9.99204975336272	19.8106945049419
115	1000	gibbs	75.717	0.0011251855199576	4.94871699212004	9.8938524483111	19.9269424386414
115	1000	cavi	0.046999999999997	0.00173404579742837	4.94746886808025	9.89462965010249	19.9264842248593
116	1000	gibbs	75.38	0.0431423164514226	5.08309436323086	9.93031059819002	19.8900888223556
116	1000	cavi	0.0499999999999972	0.0438443710390262	5.08359679168673	9.93054786678769	19.8898275822328
117	1000	gibbs	76.081	-0.0632051839102537	5.03621419642588	9.94149204887677	19.885957754635
117	1000	cavi	0.0490000000000066	-0.0632916156746009	5.03738642342004	9.94056337758713	19.8863258022458
118	1000	gibbs	75.756	-0.00619744622411923	5.04581763886528	9.92897270733418	19.9873115194793
118	1000	cavi	0.0480000000000018	-0.00585213175977655	5.04641541446506	9.92851309618208	19.9880686554355
119	1000	gibbs	75.635	-0.015125884234254	4.92392017753729	9.96431726535177	19.8986248120278
119	1000	cavi	0.0490000000000066	-0.0150529724288502	4.92542016977747	9.96544615338224	19.8966474509606
120	1000	gibbs	75.44	-0.0185703569730348	4.74636251600087	9.97169891845182	19.9024255875441
120	1000	cavi	0.0499999999999972	-0.0174312687587517	4.74798288882639	9.97224662747452	19.9022054608842
121	1000	gibbs	75.389	-0.0734387236497593	5.01041378504204	9.87388849128852	19.9201308504137
121	1000	cavi	0.0529999999999973	-0.0718082675668593	5.01082532337815	9.87413753835103	19.9191214575122
122	1000	gibbs	75.236	0.0209267602198711	5.06349207825476	10.000160249519	19.9995842777867
122	1000	cavi	0.0480000000000018	0.0199669165971553	5.06254281035656	10.0004505711194	20.0000255288327
123	1000	gibbs	75.174	0.0125678265076418	4.9659933129071	9.90897291919172	19.9897262920875
123	1000	cavi	0.0499999999999972	0.0127960645443588	4.96816877849773	9.90951288138195	19.9896742067735
124	1000	gibbs	75.799	0.0412393220802854	4.99179287113726	10.1302738328043	19.8631627874371
124	1000	cavi	0.0480000000000018	0.0415514470471034	4.99209333806433	10.1311760222613	19.8626679067055
125	1000	gibbs	75.457	1.12887135925834	7.16445045828245	14.8213101277737	19.9293783781002
125	1000	cavi	0.046999999999997	0.0957219203553285	4.96135924223644	10.0396207052901	19.8780552075703
126	1000	gibbs	75.21	0.0771565080694701	4.89581064718985	9.91738956144686	19.8641866969117
126	1000	cavi	0.0480000000000018	0.0775839258955665	4.89635396330693	9.91687188605441	19.8640323493617
127	1000	gibbs	75.664	-0.0429717171873908	4.87023700879925	9.95214590740051	19.9697587651034
127	1000	cavi	0.046999999999997	-0.0435963844052878	4.87011186749209	9.95136477250086	19.9693562617915
128	1000	gibbs	76.053	0.000133551952550138	5.12514559449451	9.957174972178	19.9308685636025
128	1000	cavi	0.0489999999999924	0.000744824977612605	5.12492469912902	9.95687053795459	19.9305766490918
129	1000	gibbs	75.243	-0.0683014547569425	4.8769923146764	9.93802229522647	19.8632343854316
129	1000	cavi	0.046999999999997	-0.0695306815637862	4.8767795940246	9.93684346796087	19.8631678794926
130	1000	gibbs	75.354	-0.0161382012826748	4.98980758528961	10.0940848114897	19.8978129953746
130	1000	cavi	0.0480000000000018	-0.0149915145485989	4.98950118034063	10.0937610202963	19.8988288560286
131	1000	gibbs	75.365	-0.0269135178594623	4.95258030885757	9.89142448274897	19.9014972301607
131	1000	cavi	0.046999999999997	-0.0276533788199684	4.95386644895491	9.89205805557175	19.9016954816153
132	1000	gibbs	75.238	0.0116989801440797	5.0986061849034	9.96902138091333	19.8836310205688
132	1000	cavi	0.0480000000000018	0.0118785761826302	5.09874617479498	9.96928886244963	19.8829506597793
133	1000	gibbs	75.36	-0.078384067747709	4.87047809987565	9.84734984302242	19.8620711398262
133	1000	cavi	0.0460000000000065	-0.0794419752785686	4.87060363183133	9.84831191933276	19.8630308282696
134	1000	gibbs	75.996	0.00160954753366504	4.84651329881556	9.91433725280086	20.0499105931406
134	1000	cavi	0.0460000000000065	0.00204422069798131	4.84712442630952	9.91395561485127	20.0498560539628
135	1000	gibbs	75.752	0.050941082610278	5.01738432453834	9.97592060156259	19.9583262145102
135	1000	cavi	0.0510000000000019	0.0520134922681839	5.01652179179432	9.97623612853111	19.9578129562729
136	1000	gibbs	75.566	0.0616803494707442	4.94590230163064	10.0506585855665	20.0772296039167
136	1000	cavi	0.0499999999999972	0.0629655192160487	4.94772070949517	10.05164499179	20.0768824448552
137	1000	gibbs	75.649	0.122200936366135	5.05293201326332	9.8906934041653	19.8628174722335
137	1000	cavi	0.046999999999997	0.121966419878209	5.05494192231075	9.88946811414858	19.8618178555395
138	1000	gibbs	75.677	0.0270416314610021	5.06351259225696	10.1550034103001	19.9057573046618
138	1000	cavi	0.0480000000000018	0.0268507077594562	5.0644028180673	10.1554465622572	19.9050238048408
139	1000	gibbs	76.331	0.556087103190023	6.72222376515404	14.8301743021261	20.0506003353071
139	1000	cavi	0.0429999999999922	-0.019410636525312	4.99205145029563	10.0106284855323	19.9811327363073
140	1000	gibbs	75.074	-0.00829971011970935	4.91839009785043	9.93723454179335	19.967799910333
140	1000	cavi	0.0480000000000018	-0.00818539351059517	4.91735058205804	9.93766660945483	19.9684454511388
141	1000	gibbs	75.643	0.0688323312112119	4.96376227165223	9.99186580247895	19.8968359710738
141	1000	cavi	0.0520000000000067	0.0693825141715642	4.96223827847299	9.99076744866544	19.8960207422451
142	1000	gibbs	75.484	-0.0921854287739689	5.05559359013407	9.9013225294916	19.8735955766816
142	1000	cavi	0.0499999999999972	-0.0912687745519642	5.05524663248288	9.90189895011072	19.8731653118251
143	1000	gibbs	75.302	-0.0348488915124948	4.90412855541866	9.92640419217461	19.8654879125977
143	1000	cavi	0.0499999999999972	-0.0353526565839564	4.90596788632353	9.92572660572558	19.8653470071794
144	1000	gibbs	75.532	0.00535105275024166	4.91540980998398	10.0450887524543	19.9962138904639
144	1000	cavi	0.0520000000000067	0.00539363951056583	4.91509433471765	10.0455132860318	19.9951947803719
145	1000	gibbs	75.555	0.0565911728418102	4.96353802498206	9.93513175500916	19.9076211675019
145	1000	cavi	0.0499999999999972	0.0558074441700767	4.9630094445427	9.9351619526387	19.9078910765889
146	1000	gibbs	75.217	0.00449189803088547	5.05123844192669	10.0352866356728	20.0410470644643
146	1000	cavi	0.046999999999997	0.00484422456922822	5.05139199030516	10.0348547335355	20.040999679345
147	1000	gibbs	75.285	-0.0130497146722678	5.0115217439977	10.0100912896232	19.9616941513327
147	1000	cavi	0.046999999999997	-0.0143394856265516	5.01102216787261	10.0098330695766	19.9609160939466
148	1000	gibbs	75.21	-0.0976433220731447	5.00637294993199	10.0347487287158	19.9337811033879
148	1000	cavi	0.0489999999999924	-0.0964088009170296	5.00608914275427	10.0330462381916	19.93317435853
149	1000	gibbs	75.646	0.00946650181491165	4.95278359316896	9.92499313735722	20.0556328483033
149	1000	cavi	0.0489999999999924	0.00968524885794861	4.95241253023032	9.92534386627928	20.0558875185968
150	1000	gibbs	75.525	-0.0286975297897032	5.09920735500451	9.92538773801449	19.9260525900709
150	1000	cavi	0.0489999999999924	-0.0282758194393743	5.09997175895867	9.92545708342823	19.9263401848953
151	1000	gibbs	75.72	-0.152308159877673	4.9466158165201	9.96142496416931	19.9624639675265
151	1000	cavi	0.0459999999999923	-0.152610211857089	4.94592928194378	9.96070829200046	19.9622154330479
152	1000	gibbs	75.577	-0.00199390874472804	4.89425320989767	9.89818284198668	19.8337137260706
152	1000	cavi	0.0490000000000066	-0.00133406734579395	4.89553243550733	9.89626031826332	19.8330342051072
153	1000	gibbs	75.494	0.0395975196593691	5.14026941512032	10.0876416607423	19.760837268792
153	1000	cavi	0.0499999999999972	0.0404638887396864	5.13994903338523	10.087343877876	19.761397109397
154	1000	gibbs	75.564	0.0198670477985322	4.94105380478897	10.068468496884	19.9136738333692
154	1000	cavi	0.0489999999999924	0.0196646434527393	4.93978299194616	10.068012203802	19.9139790722649
155	1000	gibbs	75.55	0.0757158186334823	5.04385354216786	9.85471484131629	19.9552976663798
155	1000	cavi	0.0480000000000018	0.0751958394665014	5.0434700971268	9.85607710467165	19.9554273185654
156	1000	gibbs	75.283	0.0207197388573736	5.05508291089906	9.97691364605986	19.9323642888169
156	1000	cavi	0.0490000000000066	0.0208317176570902	5.05429936600538	9.97707669118971	19.9318469204145
157	1000	gibbs	75.988	0.0122208001716289	4.90253470943974	9.92295929341241	20.0665980548489
157	1000	cavi	0.0489999999999924	0.0137493885482579	4.90284220539383	9.92345257398323	20.0662643871165
158	1000	gibbs	75.447	-0.137677885354759	5.02524103257921	9.88266880338807	19.7739425330869
158	1000	cavi	0.0499999999999972	-0.138457216773847	5.02527291771425	9.88181189929306	19.7739144990653
159	1000	gibbs	75.768	-0.0383294133295411	5.06231888329994	9.81761982192961	19.9252353261983
159	1000	cavi	0.0480000000000018	-0.0370580852149986	5.06274014707723	9.81855420435956	19.9236546459715
160	1000	gibbs	75.364	0.0238861427440383	5.02441354472229	9.83314132446985	19.9539157218868
160	1000	cavi	0.0499999999999972	0.0234895962679091	5.02594712889661	9.83393788415658	19.9536285212761
161	1000	gibbs	75.32	0.0679791724431706	4.99518728793642	9.9877589888304	19.9501818390847
161	1000	cavi	0.0510000000000019	0.068541591071667	4.99451597756858	9.9869643245033	19.9500941141738
162	1000	gibbs	75.092	0.0727883184192141	5.00462792702556	9.93475765104288	19.8616340725388
162	1000	cavi	0.0499999999999972	0.0724293026478698	5.00374289279081	9.93584980025089	19.8615366335316
163	1000	gibbs	75.573	0.0277247418068125	5.02776444018432	9.87090566045781	19.7654982264063
163	1000	cavi	0.0479999999999876	0.0274166389672893	5.02910154202012	9.87121169973786	19.7655622746644
164	1000	gibbs	75.285	-0.0127629118461581	4.90355970709923	9.79447504333122	19.9234527997401
164	1000	cavi	0.0520000000000067	-0.0132080163804362	4.90428563626613	9.79432808728215	19.9229785651317
165	1000	gibbs	75.203	0.0371465363829914	5.00853235554179	9.98432349370502	19.8263693997356
165	1000	cavi	0.0499999999999972	0.0369607390020626	5.00771695402473	9.98372925492249	19.8257976802983
166	1000	gibbs	75.77	0.0223534558150956	5.07171155988912	10.0221346098497	19.8657365080833
166	1000	cavi	0.0470000000000113	0.0219721392357323	5.07055905773901	10.0211852043365	19.8649681280542
167	1000	gibbs	75.657	0.0227721157112012	5.13717839469785	9.90266526583975	19.9130499120235
167	1000	cavi	0.0499999999999972	0.023864836097771	5.13753850635796	9.90287777827754	19.91246169077
168	1000	gibbs	75.686	0.0018411446433157	5.05316117212558	9.99591286073949	19.8564327229306
168	1000	cavi	0.0530000000000115	0.00160312015008336	5.05289897433711	9.99410206761914	19.8559711247435
169	1000	gibbs	75.663	0.0179750529800526	4.95286489844011	10.0637826024911	19.9156220301918
169	1000	cavi	0.0470000000000113	0.018264903255158	4.95330214428968	10.0639488892853	19.9150121316489
170	1000	gibbs	75.554	0.0433493041694013	4.98279282019021	9.87853849566882	19.8221836147476
170	1000	cavi	0.0500000000000114	0.0429410241649284	4.98231143012011	9.87806327219339	19.8227644899366
171	1000	gibbs	75.555	0.0441034251939343	4.98507847331188	9.96961713434001	19.845202215173
171	1000	cavi	0.0499999999999972	0.0429006280465652	4.98496985198592	9.97018141754496	19.8457727790856
172	1000	gibbs	75.358	-0.0336180563508162	5.05401881682846	9.96853932937652	19.8257749849358
172	1000	cavi	0.0480000000000018	-0.0340400674930921	5.05550791979242	9.96763800814894	19.8256581758929
173	1000	gibbs	75.737	-0.0485101706723342	4.96085270733143	9.98290129829387	19.9968864176245
173	1000	cavi	0.046999999999997	-0.0485619776001523	4.96309626033665	9.98194609327871	19.9976763601355
174	1000	gibbs	75.773	0.108278571191794	5.03996820430144	9.89740991023729	20.0449445925501
174	1000	cavi	0.0510000000000019	0.109117202639945	5.03980474283884	9.89809381405572	20.0448822024474
175	1000	gibbs	75.426	0.0426917886026737	4.94506028051505	9.89347813047695	19.8923903115339
175	1000	cavi	0.0520000000000067	0.0424127987144744	4.94567427651327	9.89389898395057	19.8921620633767
176	1000	gibbs	75.1	-0.0132441534029661	5.01514404846048	9.97500673537579	19.9712728851836
176	1000	cavi	0.0489999999999924	-0.0133003784397792	5.01383591415289	9.97498335397003	19.9718065498172
177	1000	gibbs	76.056	0.109116210984397	4.88235785947495	9.95693245976348	19.872315297886
177	1000	cavi	0.0490000000000066	0.108503768588612	4.88201451659367	9.95731340768786	19.872380803426
178	1000	gibbs	75.567	-0.00608234024503049	5.04709951826171	9.92676051268356	19.9482466878077
178	1000	cavi	0.0480000000000018	-0.00661314759775731	5.04647938191363	9.92693102519482	19.9484653912674
179	1000	gibbs	75.492	-0.0082889958855557	5.09923451557394	10.038119403534	19.8398058453501
179	1000	cavi	0.0480000000000018	-0.00817711448935864	5.09957627260685	10.0393177445777	19.8395898814274
180	1000	gibbs	75.388	0.0425925890906943	4.88335423551593	9.88264715124137	19.8244712150377
180	1000	cavi	0.0480000000000018	0.0421711674852536	4.88369757528637	9.88180406781385	19.824419968474
181	1000	gibbs	75.269	0.0486757929921986	5.02669288662261	10.0520818907675	19.9100529097367
181	1000	cavi	0.0500000000000114	0.0487646387604746	5.02658265304701	10.052914640424	19.9105924231577
182	1000	gibbs	74.186	0.0593006141804467	5.05434495985366	10.0127743248878	19.9786033213906
182	1000	cavi	0.0499999999999972	0.0595334219050335	5.05480353185808	10.0131255700209	19.9774505276837
183	1000	gibbs	74.383	0.41219697935058	6.57518985774643	14.8148579173775	20.0143176045103
183	1000	cavi	0.0499999999999972	-0.0214443940933441	5.03278776293981	9.94580794927112	19.9620222025162
184	1000	gibbs	75.39	0.366547213523803	6.38995143238274	14.7077880924744	19.8796771205395
184	1000	cavi	0.0520000000000067	0.0209069970373201	5.05988043312912	9.93641050972214	19.8120446135427
185	1000	gibbs	75.218	-0.0223005918779076	5.06761794640548	9.79625589350073	19.946867182211
185	1000	cavi	0.0500000000000114	-0.0228079210277522	5.06887275880838	9.79553628550584	19.9467327799571
186	1000	gibbs	75.281	0.116991149391056	5.02619175562585	10.0140018038603	19.8770136442787
186	1000	cavi	0.0499999999999972	0.117267932382636	5.02632301047275	10.0127856126075	19.8769847506565
187	1000	gibbs	75.227	0.990031388756668	7.26623239575923	14.8070903062712	19.8618805728058
187	1000	cavi	0.0499999999999972	-0.0963213098040891	4.97182684261417	10.1070498459599	19.8017372706513
188	1000	gibbs	75.447	-0.0463283925818393	4.9266882574235	9.97163669956239	19.9404723102145
188	1000	cavi	0.0519999999999925	-0.0453429726831675	4.92763427669994	9.97231870420693	19.9417581055529
189	1000	gibbs	75.722	0.602710362234034	6.74680791304799	14.8528243466086	19.9954395996028
189	1000	cavi	0.0499999999999972	0.0842816342253866	5.09669418768123	9.96828596295606	19.9699064763972
190	1000	gibbs	77.373	-0.0858067342911792	5.100615702132	9.9498637966859	19.8626929165963
190	1000	cavi	0.0490000000000066	-0.0848048776757897	5.10041616621935	9.94973516779633	19.8628741952888
191	1000	gibbs	77.437	0.0642781153787065	4.94978384481321	9.89091855088095	19.9284682420288
191	1000	cavi	0.0500000000000114	0.0649182762699379	4.95129231598273	9.89079682331878	19.9290174779932
192	1000	gibbs	76.926	0.637975639983946	6.61354185905245	14.8009117548484	20.0271813992088
192	1000	cavi	0.0520000000000067	0.0806420499647998	4.89943972594024	9.90194534640315	19.9780806254416
193	1000	gibbs	76.789	0.0397223957521553	4.93099019827559	10.0236295235106	19.8683934915922
193	1000	cavi	0.0499999999999972	0.0402749465128371	4.93192937402463	10.0234116358557	19.8668078564992
194	1000	gibbs	76.907	-0.0531976643521042	5.04843000647133	9.90162916763631	19.8812920370529
194	1000	cavi	0.0520000000000067	-0.0546101773803464	5.04806623795462	9.90179508884705	19.880523889881
195	1000	gibbs	76.673	-0.0713354694564758	4.92419093207135	10.0075384311121	19.850548339112
195	1000	cavi	0.0500000000000114	-0.0723670938451342	4.92249763330447	10.0087950344117	19.8501676648713
196	1000	gibbs	77.981	-0.0545983160580101	5.02980491507915	9.94522826704562	19.8612876947211
196	1000	cavi	0.0520000000000067	-0.055088725832698	5.02739797695362	9.94484794350283	19.8602726886511
197	1000	gibbs	78.346	-0.0424181104383765	4.96345645347255	10.0905675882137	19.9019151523802
197	1000	cavi	0.0480000000000018	-0.0425534040165666	4.96340270462338	10.0893358408479	19.9021095864579
198	1000	gibbs	77.917	-0.154223715577207	4.89842674622119	9.96637953027272	19.8898913189556
198	1000	cavi	0.0510000000000019	-0.153322634672251	4.89841659494416	9.96627119057669	19.8889007648025
199	1000	gibbs	77.984	-0.029388430762137	4.91271413943582	10.0079600966863	19.9568270845439
199	1000	cavi	0.0500000000000114	-0.027646135183135	4.91196817306768	10.0086526078286	19.9561905911501
200	1000	gibbs	77.676	-0.0350462966986831	5.02602868348056	9.84883027108926	19.850016541697
200	1000	cavi	0.0499999999999972	-0.0356063103296548	5.02641630818993	9.84969188408092	19.8483960693385
201	1000	gibbs	75.251	-0.0469096162676849	4.89920166224127	9.92343855009486	19.9140424326374
201	1000	cavi	0.0480000000000018	-0.0473717553745313	4.90050524700381	9.92285816382562	19.9149819351396
202	1000	gibbs	75.044	-0.0507052895549991	5.09129912708261	9.96481986552466	19.8293510421804
202	1000	cavi	0.0499999999999972	-0.0509323051135803	5.09258258155238	9.9650698902382	19.8286397789491
203	1000	gibbs	75.246	-0.0693880405324385	4.83483068427003	9.93998618956075	19.953102460361
203	1000	cavi	0.0490000000000066	-0.068833587451346	4.83555079377834	9.94052113511441	19.9538998517814
204	1000	gibbs	75.07	-0.0819172514188685	4.89331048678772	9.96964613208915	19.8765894078244
204	1000	cavi	0.0499999999999972	-0.0814551467990059	4.89254391516718	9.96872474152612	19.8781421205178
205	1000	gibbs	75.277	0.0234713877149581	4.96918931512291	9.87986620628116	19.882600608746
205	1000	cavi	0.0510000000000019	0.0236880974880752	4.96834341494851	9.87956379229817	19.8833792917991
206	1000	gibbs	75.958	0.042323269291751	4.98995757532687	9.97822340297041	19.9873139380571
206	1000	cavi	0.0490000000000066	0.0407487729211248	4.98957963715832	9.97848749392298	19.9870833938587
207	1000	gibbs	75.689	0.0420028077351834	4.98069854206583	9.83805229873334	19.9748953577507
207	1000	cavi	0.0500000000000114	0.0417437479565501	4.98206461951017	9.83802758231222	19.9739223652523
208	1000	gibbs	75.619	0.0300357642318164	4.90935239829669	9.94604624454888	19.7943240895904
208	1000	cavi	0.0499999999999972	0.0322983731330439	4.91099935705767	9.94555815741406	19.7960165252476
209	1000	gibbs	75.69	-0.13417323293253	4.89773237293001	10.0066605579921	19.9651415739486
209	1000	cavi	0.0480000000000018	-0.134454049759173	4.89814452441628	10.0062318375948	19.9655969114974
210	1000	gibbs	75.414	-0.046708274821688	4.9666490831752	10.0348112648647	19.9661737419357
210	1000	cavi	0.0489999999999924	-0.0456051292896227	4.96608771581443	10.0350522358425	19.9653963095141
211	1000	gibbs	75.545	-0.0362464089315908	4.93263952085633	9.96871009801857	20.0585224911094
211	1000	cavi	0.046999999999997	-0.0365029561541795	4.9315037022066	9.96728406439239	20.0582944990077
212	1000	gibbs	75.479	0.0763561375387955	5.03209412178991	10.029478792453	19.8903536443434
212	1000	cavi	0.0489999999999924	0.0756300150659756	5.03371001723582	10.0299156706378	19.8899001464178
213	1000	gibbs	75.79	-0.017506490423281	5.03187663464532	9.92826930521944	19.8959685733449
213	1000	cavi	0.0489999999999924	-0.0171917611694013	5.0308150189093	9.92780480785756	19.896508078429
214	1000	gibbs	75.465	-0.0910501753843971	5.03457511646876	10.038602380072	19.9362800468241
214	1000	cavi	0.0489999999999924	-0.0904710015510172	5.03396743056593	10.0386074201998	19.9359536646421
215	1000	gibbs	75.772	-0.0501798565162378	4.86661045966389	9.99406520298654	20.0197593099703
215	1000	cavi	0.054000000000002	-0.0504591981819919	4.86555162615145	9.99332839808419	20.0187803399837
216	1000	gibbs	75.426	0.000412150778165998	4.96992974338616	9.88654390209325	19.9030769172048
216	1000	cavi	0.046999999999997	0.00023331679815162	4.97031000509734	9.88704916865914	19.9031935991562
217	1000	gibbs	76.152	-0.0548416831755794	5.005759932718	10.009737300434	19.7918520356006
217	1000	cavi	0.0490000000000066	-0.0547447893774468	5.00582355492969	10.009792071056	19.7922106009563
218	1000	gibbs	75.716	0.0165033082211009	4.96032106630199	9.824284552108	19.8519193334272
218	1000	cavi	0.0479999999999876	0.015473996028402	4.95986372885608	9.82355124399042	19.8513009117619
219	1000	gibbs	75.668	-0.0747566892042332	4.98659395923293	9.89116233140719	19.9642258296722
219	1000	cavi	0.0489999999999924	-0.0743366573483357	4.98622557677015	9.89090180885042	19.9640529391248
220	1000	gibbs	75.918	0.0222859804825461	4.89147677399295	9.89127211635821	19.8410310541029
220	1000	cavi	0.046999999999997	0.0231229819019376	4.89078351084009	9.89104484782107	19.8417777746723
221	1000	gibbs	75.615	-0.0241009229498058	4.85190149595443	10.0119020598748	19.8793608607718
221	1000	cavi	0.0499999999999972	-0.0239360136510426	4.85294234699836	10.012031360486	19.8782193843344
222	1000	gibbs	75.495	0.0507100585554466	4.99666784388152	10.0636399617036	19.8859362786923
222	1000	cavi	0.0499999999999972	0.051299884229263	4.99681668504306	10.064610757942	19.886702573182
223	1000	gibbs	75.358	0.213166140558421	4.99671230909162	9.99925490542917	19.892487927926
223	1000	cavi	0.0510000000000019	0.213013073767129	4.99687113673054	9.99968096733046	19.8927828777983
224	1000	gibbs	76.097	-0.0747277094890712	4.86301769092634	9.85267702196072	19.8167578430884
224	1000	cavi	0.046999999999997	-0.0741302387162699	4.86174935297262	9.85256157202691	19.8162391785755
225	1000	gibbs	75.414	-0.0304792131474706	4.9011670402247	9.83606781707943	19.994049573119
225	1000	cavi	0.0529999999999973	-0.0304783001394389	4.90163597215016	9.83623972928215	19.9943976167025
226	1000	gibbs	75.734	-0.0547134437202558	4.91223321043757	9.98110257424733	19.9015304895011
226	1000	cavi	0.0499999999999972	-0.05439396765953	4.91263646892465	9.98182442516294	19.901297454776
227	1000	gibbs	75.308	0.00229693315190461	4.92781913106163	9.96995149941855	19.9814628435581
227	1000	cavi	0.0479999999999876	0.00192781663052723	4.92829283856715	9.97050877229844	19.9817024102096
228	1000	gibbs	75.444	0.0962856990333112	4.92259421933293	9.8891443740599	20.0381036881036
228	1000	cavi	0.0500000000000114	0.0967336232298373	4.92179628195866	9.88867840749302	20.0380429150406
229	1000	gibbs	75.7	0.065971164194872	4.99684846008258	9.83931515975765	20.0266584289358
229	1000	cavi	0.0450000000000017	0.0662690184994338	4.99641888780117	9.8390349992085	20.0274844265184
230	1000	gibbs	75.449	-0.00544239506885104	4.99009521052662	10.0072892784401	19.8741823334038
230	1000	cavi	0.0520000000000067	-0.00487984221636434	4.99060368262133	10.0079142245985	19.873143233507
231	1000	gibbs	75.411	0.0341847499151422	4.9296161805873	9.9919969308553	19.8527350728727
231	1000	cavi	0.0489999999999924	0.0342193862594896	4.93038518317167	9.99137288418575	19.8525698566601
232	1000	gibbs	75.73	1.1144599594195	7.23752221894007	14.8913441922451	19.9725929641836
232	1000	cavi	0.0510000000000019	0.101192090426185	4.81002726127707	10.0778014208666	19.9413780627431
233	1000	gibbs	75.627	0.0146789560343295	4.94006375741629	9.99633755303415	19.8990238689782
233	1000	cavi	0.0479999999999876	0.0142856505553838	4.93930539491043	9.99613417862716	19.8998315271786
234	1000	gibbs	75.615	-0.073362435728818	4.93772527571313	9.99335272377434	19.9988102796447
234	1000	cavi	0.0480000000000018	-0.0733320071949828	4.93983934790516	9.99361323463535	19.9989138178692
235	1000	gibbs	75.537	-0.126330042913261	5.07093293346852	9.85809464410422	20.0470276783899
235	1000	cavi	0.0499999999999972	-0.125790336678953	5.07068029523765	9.85756312761395	20.0456152168622
236	1000	gibbs	75.379	0.0946866978860771	4.90593962383983	10.0174891990731	19.7696481803921
236	1000	cavi	0.0499999999999972	0.0955412528645139	4.90710432923669	10.017839665588	19.7697714641993
237	1000	gibbs	75.337	0.0440739473192918	4.98357766919165	9.9853737232446	19.9196977633009
237	1000	cavi	0.0490000000000066	0.0439821737229506	4.98432336845345	9.98652401170601	19.9199629205354
238	1000	gibbs	75.305	0.0325106888295521	4.9462073431381	9.92558196770581	19.8781596274088
238	1000	cavi	0.0520000000000067	0.0315018928945658	4.94640875018999	9.92507076003116	19.8790627281564
239	1000	gibbs	75.592	0.00772281870194141	4.99250575335471	10.0534861504298	19.8210136779925
239	1000	cavi	0.046999999999997	0.00720253982150803	4.99165787984081	10.0529590109517	19.8201991543982
240	1000	gibbs	75.295	0.00249979676187895	5.0060668007266	9.94107575866901	19.820520017864
240	1000	cavi	0.0510000000000019	0.0017081749670378	5.00606386454777	9.93924148682116	19.8208731369413
241	1000	gibbs	75.439	-0.0450621797411748	4.89045481790745	9.85881697107922	19.7821237815456
241	1000	cavi	0.0510000000000019	-0.0440601126196531	4.89096257364204	9.85847681914956	19.7818917503244
242	1000	gibbs	75.316	-0.0623956601348106	5.02705072214764	10.0824686577793	19.9678748592667
242	1000	cavi	0.0480000000000018	-0.0612011432167852	5.02700656745774	10.0826522771634	19.9689876789209
243	1000	gibbs	75.676	0.00462414810319057	4.92442303727647	9.98211156477608	19.8950709915133
243	1000	cavi	0.0490000000000066	0.00538145014389468	4.92387538727375	9.98252781913403	19.8956170218619
244	1000	gibbs	75.549	-0.0720244075704322	4.94353210162724	9.90003712110565	19.8274313412366
244	1000	cavi	0.0480000000000018	-0.0706116561046099	4.94436051225779	9.9000166805358	19.827599791769
245	1000	gibbs	75.919	0.0226376613481015	4.92446683507588	10.0026496952423	19.8676083637925
245	1000	cavi	0.0480000000000018	0.0213062626068211	4.92302006739807	10.0021928545253	19.8684440963637
246	1000	gibbs	75.41	0.000465117284786663	4.97936374305128	9.93865705848187	19.914791957884
246	1000	cavi	0.0480000000000018	9.85871390557934e-05	4.97810475505468	9.93990348920183	19.9140653780561
247	1000	gibbs	75.473	0.0445187743312388	4.97219852163861	9.91893869342551	20.0281996440643
247	1000	cavi	0.0480000000000018	0.0454537514496418	4.97298327382356	9.91905442829648	20.0267878380764
248	1000	gibbs	75.739	-0.0452144928072396	4.98709827704705	9.95979865562768	19.8152527436742
248	1000	cavi	0.046999999999997	-0.0456748088595497	4.98753605552968	9.96102897322777	19.8153687618733
249	1000	gibbs	75.948	0.0544168679261746	4.82145957180217	9.90126863741666	19.9736416397433
249	1000	cavi	0.0499999999999972	0.055833652604142	4.82146396081629	9.90154699297454	19.9737415672044
250	1000	gibbs	75.342	-0.033999105940623	4.93816981771016	9.98172427618781	20.0068217030033
250	1000	cavi	0.0499999999999972	-0.0343134106318491	4.93580962365422	9.98294460601042	20.0065146482041
251	1000	gibbs	75.579	0.0311977925952568	5.06419368697419	9.8323973856037	19.9405201747146
251	1000	cavi	0.0489999999999924	0.031247602221467	5.0643113759083	9.83275836134528	19.9402725113195
252	1000	gibbs	75.195	-0.0971175611263091	4.96190472753283	9.99766659928479	19.9416174033013
252	1000	cavi	0.0480000000000018	-0.0974102077592655	4.9631228340138	9.99707144832945	19.9418689704246
253	1000	gibbs	75.329	-0.0625194304323083	4.87031610103789	9.9781989243394	19.9793976399199
253	1000	cavi	0.0479999999999876	-0.0625754944882422	4.87059631473899	9.97734555813665	19.9803961594584
254	1000	gibbs	75.241	0.0353360338695451	4.98840675268258	9.95700746411688	19.9074513187976
254	1000	cavi	0.0499999999999972	0.0347996777111215	4.98870161864537	9.95736115099568	19.9078332722639
255	1000	gibbs	75.434	0.08516060763383	5.08841934947588	9.94504125275951	19.9740868109139
255	1000	cavi	0.0510000000000019	0.0854755784302333	5.08920834352249	9.94471504799778	19.9740717662126
256	1000	gibbs	75.482	0.0209269388990238	4.99650815966392	9.99185014365723	19.8499100303905
256	1000	cavi	0.0499999999999972	0.0209740893172213	4.9971264504179	9.99191945965043	19.8499162213554
257	1000	gibbs	75.827	-0.0109127572895614	4.90482198104928	9.91095656920907	19.8771662345237
257	1000	cavi	0.0509999999999877	-0.0101675897122754	4.90478993201987	9.91073469587019	19.8762913032173
258	1000	gibbs	75.15	-0.0330976353118642	4.99314400852387	9.98376958096668	19.9417632763858
258	1000	cavi	0.0479999999999876	-0.0334181729646057	4.99326287476351	9.98314753772346	19.9400635454781
259	1000	gibbs	75.381	-0.0433079484676436	5.0560928703869	9.81906427398421	19.853855048836
259	1000	cavi	0.0489999999999924	-0.043000788441019	5.05539585580581	9.81888848300187	19.8546995037542
260	1000	gibbs	75.576	0.0161114796071657	4.94666294829427	9.90539234140073	19.9660164833164
260	1000	cavi	0.0489999999999924	0.0161525144061892	4.9473504201578	9.90370679117084	19.9678416561679
261	1000	gibbs	75.631	0.0320255464442142	4.85107444258265	9.85131539065092	19.9626887295241
261	1000	cavi	0.0480000000000018	0.032408964130977	4.85093753815123	9.85149473695566	19.9626809421023
262	1000	gibbs	75.531	0.0121691136462167	4.86061515649016	9.85652018070236	19.9107385623711
262	1000	cavi	0.0499999999999972	0.0116365458348541	4.8608029453574	9.85669119205275	19.9100949333969
263	1000	gibbs	75.47	-0.0917570012807279	4.84627381379112	9.91271050021907	19.8468081747384
263	1000	cavi	0.0480000000000018	-0.0919352013983325	4.84582145461607	9.9108920826437	19.8470244403999
264	1000	gibbs	75.303	-0.0603704147490545	5.04437518922383	9.97888730417485	19.880491276269
264	1000	cavi	0.0499999999999972	-0.059831126550944	5.04421986179942	9.97943098980567	19.8814717084788
265	1000	gibbs	75.379	0.0120377182198522	4.9638910440034	9.84437701902597	19.8675597067864
265	1000	cavi	0.0510000000000019	0.0117865898147084	4.96353564895211	9.84429601995222	19.8676308593583
266	1000	gibbs	75.376	0.00107207888039587	4.88819925074568	9.88593773976741	19.8293759812314
266	1000	cavi	0.0489999999999924	0.00189969798068306	4.88758003433267	9.88506259241352	19.8292532515176
267	1000	gibbs	75.389	0.0387067668180922	5.01352716732919	10.0078581366134	19.9244328205203
267	1000	cavi	0.0479999999999876	0.0371999212163954	5.01386529772898	10.0087137981975	19.9235742758425
268	1000	gibbs	75.521	-0.0109322341967297	4.99416852736874	9.8575904719612	19.9706052189951
268	1000	cavi	0.0489999999999924	-0.0101794857914404	4.99330811270281	9.85848329307104	19.971328696917
269	1000	gibbs	75.638	0.0405645128973041	4.91306910107312	9.9973657655265	19.878954412042
269	1000	cavi	0.0400000000000063	0.0412593790608777	4.91266100447886	9.99788570066743	19.88036273862
270	1000	gibbs	75.296	-0.054000833033641	5.02232795827597	9.76908596924956	19.8843629368424
270	1000	cavi	0.0459999999999923	-0.0544433590504182	5.02316510360251	9.76860516333729	19.8831044460565
271	1000	gibbs	75.964	0.8007444187133	6.91984999184911	14.8106128002576	19.8919361057601
271	1000	cavi	0.039999999999992	0.00666462150648358	4.99323676224956	10.0019122237101	19.8645371947535
272	1000	gibbs	75.534	0.273066091357218	6.48540772337236	14.7286743405397	19.8786960946513
272	1000	cavi	0.0450000000000017	-0.0590266622622705	5.07142151351359	9.86626813128925	19.8371790918801
273	1000	gibbs	75.349	-0.0175191979114942	4.90192058250288	9.95368855289049	19.8852321939762
273	1000	cavi	0.0450000000000017	-0.0174638209363903	4.90265680692472	9.95437489437421	19.8858857953209
274	1000	gibbs	75.606	-0.02785851801427	4.93835235077092	10.0192609515384	19.8795033844009
274	1000	cavi	0.0480000000000018	-0.0275768233560202	4.93723109277249	10.0196516175253	19.879853524798
275	1000	gibbs	75.598	-0.0325608313681471	5.00976004960043	9.90510611738686	19.8034181357091
275	1000	cavi	0.039999999999992	-0.0337033972877923	5.00890762604231	9.90572293259953	19.8035173243698
276	1000	gibbs	75.882	-0.0695578186487519	4.98115412542825	9.94868940734096	19.9906144443537
276	1000	cavi	0.046999999999997	-0.0705798434520852	4.98160614577926	9.94913871775117	19.9909776735223
277	1000	gibbs	75.342	-0.0379270124066238	4.9552202596811	10.041422365063	19.9832587832268
277	1000	cavi	0.0429999999999922	-0.0378893016190446	4.95429227704094	10.0399486117256	19.9834923693421
278	1000	gibbs	75.474	0.0844186991937238	4.96658760469541	9.96782991568377	19.9650631568728
278	1000	cavi	0.0460000000000065	0.083961272639711	4.96641668311171	9.96809273532752	19.9659317960196
279	1000	gibbs	75.828	0.00633233901714883	4.97899499599275	9.93399285422371	20.0562212642202
279	1000	cavi	0.0439999999999969	0.0064934005585271	4.9789302770785	9.93294488678725	20.0565579237979
280	1000	gibbs	75.686	0.0461517723460417	5.00623793207786	9.92359555822387	19.969450293244
280	1000	cavi	0.0439999999999969	0.0466234823940834	5.00636343166336	9.92262350779357	19.9693407641671
281	1000	gibbs	75.927	0.0891057238198357	5.0217765276601	9.95685645061397	19.8349610564429
281	1000	cavi	0.0420000000000016	0.0894964798025847	5.02186407571671	9.95671367468667	19.8357397740531
282	1000	gibbs	74.377	0.0255241850278608	4.94539553502084	10.0637128388696	20.0014076305107
282	1000	cavi	0.0490000000000066	0.0250596666470357	4.94497949654558	10.0640373927791	20.0008582288219
283	1000	gibbs	74.01	0.0985082152315452	5.08540958379516	9.92439207585557	19.7990969570237
283	1000	cavi	0.0459999999999923	0.0968653233294787	5.08390581146941	9.92497397199636	19.7991954804754
284	1000	gibbs	75.355	-0.10257843552713	4.99117225222233	10.0259068501289	19.9161165866357
284	1000	cavi	0.0490000000000066	-0.104248309480337	4.99090625525106	10.0254529652137	19.916472707649
285	1000	gibbs	75.194	-0.0550776913494588	5.09269679958829	9.88683461394137	19.8309171246018
285	1000	cavi	0.0509999999999877	-0.0551564571866816	5.09329136266122	9.88660358730123	19.831424415946
286	1000	gibbs	75.025	-0.0606013922907356	4.90461706613136	10.0110980928211	19.7735180507712
286	1000	cavi	0.0630000000000024	-0.0596308352056201	4.90394057765447	10.0098800201025	19.7743687416745
287	1000	gibbs	75.27	-0.0128338360533112	4.97823023491766	9.83961895826707	19.8859459355603
287	1000	cavi	0.054000000000002	-0.0127346311951545	4.97742614319067	9.8410584246094	19.8860284447304
288	1000	gibbs	75.237	-0.0107007586554015	4.95404677348323	10.0977098639251	19.8079495618215
288	1000	cavi	0.0480000000000018	-0.0101524714062224	4.95441733981243	10.0980968951099	19.8077126486172
289	1000	gibbs	75.588	0.0950499628926932	4.91322243537116	9.99674514668493	19.9605002584395
289	1000	cavi	0.0490000000000066	0.0957802574133485	4.91291185680852	9.99614664123633	19.9601043524179
290	1000	gibbs	77.649	-0.106289076534766	4.95022365597416	9.95626696261629	19.8505595942619
290	1000	cavi	0.0510000000000019	-0.106384801700955	4.9499873074743	9.95619418124168	19.8506543117647
291	1000	gibbs	77.742	0.0633949760364104	4.94937308338661	9.97150206527831	19.924018031334
291	1000	cavi	0.0499999999999972	0.0638909901958875	4.94862920942915	9.97253938062763	19.9244942696531
292	1000	gibbs	77.037	-0.0530675591013756	4.96829691278285	10.0421806989274	19.9452479532725
292	1000	cavi	0.0520000000000067	-0.0530524798443514	4.96753273428336	10.0422777490214	19.9453388770897
293	1000	gibbs	76.817	0.00414796768786279	4.96174624069669	9.89627419206107	19.9268024652687
293	1000	cavi	0.0510000000000019	0.00384920433161915	4.9622763178054	9.89669128165673	19.9267442734099
294	1000	gibbs	78.123	-0.0645874001458308	5.02202202726173	9.99555466816668	19.7858095114431
294	1000	cavi	0.0489999999999924	-0.064739179469339	5.0211166789679	9.99438311770509	19.7853509667966
295	1000	gibbs	76.724	-0.0411582370930952	5.03072409613198	9.93980912034181	19.865028650569
295	1000	cavi	0.0470000000000113	-0.0411206840963381	5.03214190070102	9.94010292133814	19.8651815890131
296	1000	gibbs	77.902	-0.0793256462925734	4.93241045797203	10.0076275394196	19.9798875234323
296	1000	cavi	0.0480000000000018	-0.0792785562086381	4.93137666517288	10.0084302012417	19.9798017657477
297	1000	gibbs	77.951	-0.0172422882122908	4.92689866793218	9.85656332630596	19.9337215919508
297	1000	cavi	0.0509999999999877	-0.0170847485439035	4.92739739813621	9.85752389738389	19.9345302779865
298	1000	gibbs	78.123	0.0504660053148239	4.95022374452998	9.97210204329105	19.9444164590813
298	1000	cavi	0.0510000000000019	0.0516475469037808	4.95056999478941	9.97184912928316	19.9443088365629
299	1000	gibbs	77.758	0.104271063997766	5.03506075528697	9.98055886919824	19.8963279015716
299	1000	cavi	0.054000000000002	0.104753143202882	5.03553280879241	9.98124846162271	19.8964849661178
300	1000	gibbs	78.133	-0.0555940476809545	4.96376155974772	10.0607799470209	19.8983956672824
300	1000	cavi	0.046999999999997	-0.0571477747299551	4.9631361718669	10.0604055090744	19.8981360468252
301	1000	gibbs	75.172	-0.00295066955882698	5.03047445249319	9.95659978637219	19.9141614639212
301	1000	cavi	0.0489999999999924	-0.000860466670213608	5.03120878828335	9.95622434629228	19.9141597520526
302	1000	gibbs	75.351	-0.0443068933028692	4.8889282176963	9.99916385951139	19.9798800994246
302	1000	cavi	0.0489999999999924	-0.0449354411528511	4.88875460224864	9.99924533537072	19.9788543412075
303	1000	gibbs	75.095	0.024175366812737	5.01031437382129	9.86809631816369	19.87038199644
303	1000	cavi	0.0510000000000019	0.0237146096232493	5.01169045116172	9.86811611002496	19.8711823584883
304	1000	gibbs	75.5	1.2020344849168	7.27748802266393	14.7030767068395	20.0627938013617
304	1000	cavi	0.0500000000000114	0.0509321604584307	4.89733659665088	10.0409799428599	19.8938909046459
305	1000	gibbs	75.41	0.0785280134374431	4.93063138295692	10.0654277867597	19.9218391766926
305	1000	cavi	0.0480000000000018	0.0770486377303635	4.93282742337621	10.0655945554712	19.9213205124571
306	1000	gibbs	75.803	-0.0314975776556908	5.01050717295421	9.95475202199986	19.9256884955533
306	1000	cavi	0.0510000000000019	-0.0312893659498445	5.01175001838705	9.95245786821566	19.925257079714
307	1000	gibbs	75.659	-0.0531873484977876	5.04948496571481	10.0257547888086	19.7864497148962
307	1000	cavi	0.0480000000000018	-0.0537373119767397	5.04865571944452	10.0253726361979	19.7859481045541
308	1000	gibbs	75.382	-0.0948278326910951	5.01281803649096	9.94607266225233	19.9169371315773
308	1000	cavi	0.0490000000000066	-0.0935849884416876	5.0131299492395	9.9466073471223	19.9172803339934
309	1000	gibbs	75.458	0.121337822676013	4.99577682226444	9.91801047319352	19.9288983816219
309	1000	cavi	0.0519999999999925	0.121529419178076	4.99730731273118	9.91793741997304	19.9291103980199
310	1000	gibbs	75.454	-0.0642812432535772	5.03706077576731	9.92482361845515	19.8631702503811
310	1000	cavi	0.0489999999999924	-0.0640479881409617	5.03707979967072	9.92533995284723	19.8627382107483
311	1000	gibbs	75.789	-0.0100094626128913	5.03561305774306	9.9506251606497	19.8715422346529
311	1000	cavi	0.0499999999999972	-0.0094209712088319	5.03617543960144	9.95144895246424	19.8708921239334
312	1000	gibbs	75.599	0.0652996459365408	5.00186680331284	9.96993922751357	19.8979058385144
312	1000	cavi	0.0480000000000018	0.0653951544240794	5.00010566952477	9.96926646230054	19.8984693425092
313	1000	gibbs	75.511	-0.039151521970887	5.00711739068258	9.94455741920936	19.9826334374594
313	1000	cavi	0.0490000000000066	-0.0392345234185	5.0077554878428	9.94441942321198	19.9819830915473
314	1000	gibbs	75.51	-0.0364074813678109	5.04517160056874	10.0193493324385	19.9165552741673
314	1000	cavi	0.0489999999999924	-0.0357276958359574	5.04463285699566	10.0200526843045	19.9169732905106
315	1000	gibbs	76.064	-0.0824403795879092	5.00806472160895	9.99635043536769	20.0206737020023
315	1000	cavi	0.0499999999999972	-0.0823426131422044	5.00702692410056	9.99507961258115	20.0192956653606
316	1000	gibbs	75.479	-0.0308247428488385	4.88628236019861	9.89066205952979	19.8278818026442
316	1000	cavi	0.0499999999999972	-0.0313921757011508	4.88656154559712	9.8902048994786	19.8286229390228
317	1000	gibbs	75.322	0.0165184426397454	5.05886648245664	9.94425920321652	19.8779305437128
317	1000	cavi	0.0479999999999876	0.0159388065268632	5.05905879078963	9.94459420412981	19.8778391596828
318	1000	gibbs	75.828	-0.133413418266701	4.95770703429236	9.95144189029862	19.8977874106053
318	1000	cavi	0.0499999999999972	-0.132151181205895	4.95786836920965	9.95119925556928	19.8971628187003
319	1000	gibbs	75.771	0.0592140296674215	4.88032180152265	9.98394033416629	19.9204607190597
319	1000	cavi	0.0480000000000018	0.0601622591718008	4.88056259611256	9.98413066846765	19.9214050756696
320	1000	gibbs	75.49	-0.0693782890735197	4.92390537072994	10.0059154458935	19.983605927742
320	1000	cavi	0.0489999999999924	-0.0705729575971834	4.92379651824206	10.0049644626528	19.9830977870368
321	1000	gibbs	75.659	-0.087094588134723	5.02589293486024	9.98356619043811	19.9682340659399
321	1000	cavi	0.0459999999999923	-0.0881114072936383	5.02671015715225	9.98448247059469	19.9674219711412
322	1000	gibbs	75.295	0.0889535296124998	4.89473338614705	9.95699505224925	19.9048349444705
322	1000	cavi	0.0510000000000019	0.0892872536311355	4.89428560190473	9.95690853495492	19.9055911209858
323	1000	gibbs	74.156	0.958772348209113	7.06143422019262	14.7974488133235	19.8689632271096
323	1000	cavi	0.0489999999999924	-0.0593932791446291	4.89061024352278	9.98207073274152	19.8351681995824
324	1000	gibbs	75.5	0.00918695298457939	4.97614477748799	9.85887499070473	19.9152685152377
324	1000	cavi	0.0490000000000066	0.00952861277374424	4.97583873245316	9.85901782163516	19.9160521134963
325	1000	gibbs	75.501	-0.0631438033111818	4.93048587659999	9.92752448325116	19.8956161118984
325	1000	cavi	0.0529999999999973	-0.0631568502621409	4.93041117741955	9.92667669453048	19.8952857965179
326	1000	gibbs	75.622	-0.0327014411934522	4.91389947511252	9.88467044033827	19.8273246008059
326	1000	cavi	0.0489999999999924	-0.0327927953887059	4.91429029475611	9.88632749551094	19.8273144232438
327	1000	gibbs	75.761	-0.0634949883163651	4.9000068425478	10.0139315811678	19.9968055974217
327	1000	cavi	0.0520000000000067	-0.0641053312692959	4.89840085296723	10.0152399996755	19.9965942347684
328	1000	gibbs	75.552	-0.00517344959205543	4.9572413838338	10.0065197624147	19.9641731726377
328	1000	cavi	0.0480000000000018	-0.00666392664356818	4.95768958511548	10.0069320036856	19.9659158706159
329	1000	gibbs	75.305	0.0317683585412713	4.96847925432688	10.0671411755178	19.8036933054501
329	1000	cavi	0.0490000000000066	0.0305443999627173	4.96728255268027	10.0667290294467	19.8031169225279
330	1000	gibbs	75.199	0.0818196916428849	5.03372858726072	9.85316824070267	19.9799273566572
330	1000	cavi	0.0510000000000019	0.0807513161542163	5.03155168965195	9.85443162058872	19.979919551649
331	1000	gibbs	75.244	-0.00251360721964932	4.9569281435591	9.86111038903473	19.9978121153674
331	1000	cavi	0.0510000000000019	-0.0020081234320728	4.95777815290314	9.86207234056546	19.9980383600904
332	1000	gibbs	75.297	-0.11790633482117	5.00268211603152	10.0381079309775	19.912024490388
332	1000	cavi	0.0460000000000065	-0.116577799036146	5.00251554614261	10.0368912580999	19.9125025391711
333	1000	gibbs	75.584	0.0840691597878018	5.02468753075678	9.96757013369333	19.8276194760103
333	1000	cavi	0.0519999999999925	0.0841797519598808	5.0247966064558	9.96917731113091	19.8289191164663
334	1000	gibbs	75.859	0.112542782153664	4.84125850450543	9.96276988638477	19.8369397327263
334	1000	cavi	0.0520000000000067	0.113395711098939	4.84166541209001	9.9624155078667	19.8366152797367
335	1000	gibbs	75.825	0.0744322666341342	5.03529706605023	9.99992186736465	19.9880086105055
335	1000	cavi	0.0499999999999972	0.0737932490495377	5.03607288822048	9.99973966483142	19.988281467367
336	1000	gibbs	75.79	0.432052699069954	6.64913019308997	14.7951988838327	19.9709095678084
336	1000	cavi	0.0480000000000018	-0.00223807604774311	5.03859503352452	10.0812812459224	19.8742818457102
337	1000	gibbs	75.53	-0.0606721859365488	4.91606315801464	9.93746142718922	19.9356910665893
337	1000	cavi	0.0520000000000067	-0.0599455214823376	4.91666470501542	9.93839953060107	19.9362295784522
338	1000	gibbs	75.445	0.0478529850053161	4.94871872303556	10.0275497092671	20.0847370357167
338	1000	cavi	0.0499999999999972	0.0474648487387263	4.9491436960788	10.0270688770198	20.084305883419
339	1000	gibbs	75.814	-0.135158525854025	5.05938194851641	10.0147819760708	19.9390250328922
339	1000	cavi	0.0440000000000111	-0.135631239582313	5.05913861367355	10.0156830380913	19.9402332163907
340	1000	gibbs	74.894	0.516139234523688	6.78747694916116	14.902568451528	20.0490357215665
340	1000	cavi	0.0489999999999924	0.0451757577588877	5.14184147587511	10.0444722268519	20.0049564284186
341	1000	gibbs	75.634	-0.0268448136886105	5.05127474523592	10.103224069859	19.950531761854
341	1000	cavi	0.0489999999999924	-0.0274686197270429	5.0518970028751	10.1036826478623	19.9502691758962
342	1000	gibbs	75.607	-0.0617115234034571	5.03969365673137	9.88374986214339	19.9015400250301
342	1000	cavi	0.0460000000000065	-0.0612887115920521	5.04030016799283	9.88469935477704	19.9015079625611
343	1000	gibbs	75.511	-0.0393575807483498	4.91440085992468	10.1007847784473	19.9142297595746
343	1000	cavi	0.0499999999999972	-0.0379238526797632	4.91416714357827	10.1005390773046	19.9144173389559
344	1000	gibbs	76.535	-0.11932675654988	4.87960517808568	10.0155979756461	19.9341239978337
344	1000	cavi	0.0439999999999969	-0.119057599394116	4.87943068182575	10.0145453541298	19.9349010533617
345	1000	gibbs	75.578	-0.0280981839926142	4.95791057527173	10.0224945051397	19.8602774323826
345	1000	cavi	0.046999999999997	-0.0270722399255899	4.95809096720314	10.0220960988713	19.860518978299
346	1000	gibbs	75.307	-0.0802506402226045	4.9980826288758	9.96149378974034	19.9426791571324
346	1000	cavi	0.0480000000000018	-0.0799060982929952	4.99946476969098	9.96183824454073	19.9424707142668
347	1000	gibbs	75.394	-0.0171769149771686	4.96520652667566	9.89504880512978	19.9414763163846
347	1000	cavi	0.0520000000000067	-0.016707058104208	4.9654504383712	9.89425886843783	19.9406648016153
348	1000	gibbs	75.387	0.0693442704593506	5.11551508963735	9.89752954000498	19.8236300494367
348	1000	cavi	0.0510000000000019	0.0697854898819179	5.11672238185411	9.89818953435061	19.8237568155146
349	1000	gibbs	75.529	0.0554844456872184	4.98238370215365	9.94564030857526	19.8697433348161
349	1000	cavi	0.0499999999999972	0.0553652994933382	4.98234814961434	9.94665583142236	19.8703941207354
350	1000	gibbs	75.65	0.148542703713654	5.02174436965444	10.0410750254233	19.8813050823373
350	1000	cavi	0.0489999999999924	0.147717848530083	5.02293310447328	10.0418866902084	19.8816673984861
351	1000	gibbs	75.738	0.00567060586231473	4.91039632450918	9.90793922902349	19.933146000174
351	1000	cavi	0.0480000000000018	0.00512171665780633	4.91108862270172	9.90822029713395	19.9332407932246
352	1000	gibbs	75.609	0.00754956888004296	5.01733886005635	9.97845300502188	19.9058358121046
352	1000	cavi	0.0499999999999972	0.00778204834094537	5.01870201914462	9.97922641251832	19.9045776684882
353	1000	gibbs	75.788	0.00426447128347733	4.87586888736741	9.89920554678751	19.9001005059641
353	1000	cavi	0.0480000000000018	0.00410654745183429	4.87376291703957	9.89982140970599	19.9007842423311
354	1000	gibbs	75.647	0.0669868619666068	5.04787942464255	9.97927835145883	19.8325145511598
354	1000	cavi	0.0499999999999972	0.0676954601544891	5.04879822153652	9.97980397588012	19.8320376404183
355	1000	gibbs	75.652	-0.00122547207312917	5.02952827466358	9.95015025806516	19.9868463126832
355	1000	cavi	0.0490000000000066	-0.00204540150360148	5.02899625921129	9.94976726533612	19.9858814361257
356	1000	gibbs	75.443	0.00502261132210543	5.09541510250694	10.0475576671904	19.95789760652
356	1000	cavi	0.0499999999999972	0.00563274005659708	5.09544608388559	10.0477924713592	19.9591133052754
357	1000	gibbs	76.089	0.0165260656092957	5.01669577644311	9.99925825092381	19.8853232055724
357	1000	cavi	0.046999999999997	0.0173375805116656	5.01819058256455	9.99998625863399	19.8862731893677
358	1000	gibbs	75.412	0.0133103420327988	5.05623012423389	10.0175950679887	19.8971272078074
358	1000	cavi	0.0499999999999972	0.0123749999325853	5.05579094990136	10.0182641290857	19.8964116336355
359	1000	gibbs	75.888	-0.13052233483851	4.97002187968461	9.96425865932767	20.0225800838716
359	1000	cavi	0.0480000000000018	-0.130832013753501	4.97089733754723	9.96403115156852	20.0217277560395
360	1000	gibbs	75.822	-0.0539188995589927	5.09156742168249	9.90031222146562	19.871920796032
360	1000	cavi	0.046999999999997	-0.0541721449970483	5.09286224480525	9.89982948868476	19.8718255971572
361	1000	gibbs	75.51	0.0332826362985776	5.10415187147306	10.0129793901912	19.908870855175
361	1000	cavi	0.0480000000000018	0.0339254402333942	5.10552920208463	10.0126146700686	19.9093294783286
362	1000	gibbs	75.656	0.00244277012028689	4.86811244279016	9.87665116029682	19.914077918081
362	1000	cavi	0.0489999999999924	0.0030658220683422	4.86897079665104	9.87673375941004	19.9131937625285
363	1000	gibbs	75.417	-0.0405081900557682	4.93346042812564	9.97487166842901	20.0094839839338
363	1000	cavi	0.0499999999999972	-0.0391185384168167	4.93385208449189	9.97594619869275	20.0096404042605
364	1000	gibbs	75.263	-0.086930437217872	4.89588460221514	9.86409651413343	19.8619620817248
364	1000	cavi	0.0500000000000114	-0.0876682773440199	4.89610199968416	9.86435320205835	19.8617439606858
365	1000	gibbs	75.273	-0.0394765626920283	4.99355128412912	9.91662116283991	19.8709620878774
365	1000	cavi	0.0460000000000065	-0.0395341148695137	4.99278917555965	9.91582202644095	19.8708636634977
366	1000	gibbs	75.996	0.089312096120878	5.02681170894276	10.0477159467226	19.9812780454693
366	1000	cavi	0.0480000000000018	0.0898472399809823	5.02780448715128	10.0482760402677	19.9809341003498
367	1000	gibbs	75.584	0.0166465552678669	4.92990984956308	9.98388022128267	20.0099691015309
367	1000	cavi	0.0519999999999925	0.0174970408851698	4.93159692629588	9.98375185826504	20.0102123029545
368	1000	gibbs	75.638	0.0118692129407444	5.05241933283054	10.0879019580147	19.8615989617114
368	1000	cavi	0.046999999999997	0.01297283901527	5.05381839537301	10.0894151937108	19.8620841330345
369	1000	gibbs	75.564	0.869078725990027	6.87949178003344	14.8503985641285	20.0578243879988
369	1000	cavi	0.0480000000000018	0.00320643062117717	4.95572021882338	9.96919097352017	20.0102652930908
370	1000	gibbs	75.639	-0.0674093427355001	4.91978936545916	10.0428139496634	19.9115111074195
370	1000	cavi	0.0480000000000018	-0.0666934560177412	4.91906901408487	10.0424034496494	19.911162218142
371	1000	gibbs	75.646	0.101881414601373	4.96481861851036	10.0198532996666	19.9068675085819
371	1000	cavi	0.0479999999999876	0.102956180583194	4.96555795197862	10.0192817962804	19.9057459135606
372	1000	gibbs	75.497	-0.0371034926962302	5.06709097662577	9.89638229949926	19.9674765823531
372	1000	cavi	0.0499999999999972	-0.0370128845130647	5.06904187405198	9.89663334695447	19.9688322058229
373	1000	gibbs	75.674	0.00884588165401323	4.89380477126121	9.93499065109499	19.9523798275049
373	1000	cavi	0.0489999999999924	0.00893604904388843	4.89436647758368	9.93630794092257	19.9525550031601
374	1000	gibbs	75.714	0.0275236857661348	4.94094197296397	9.83846603768786	19.8505107695724
374	1000	cavi	0.0480000000000018	0.0280677797100778	4.94199517906354	9.83953736554968	19.8511632989308
375	1000	gibbs	75.499	0.0413832220091272	5.01804789758631	9.96245182040968	19.8715772472923
375	1000	cavi	0.0490000000000066	0.0427910732517769	5.01768343517993	9.96213823007788	19.8712433972756
376	1000	gibbs	75.463	0.0279511674140207	5.08911738618944	9.98503963600045	20.0284920448293
376	1000	cavi	0.0520000000000067	0.0278407584419398	5.08899876376433	9.9852263350329	20.0286634097342
377	1000	gibbs	76.012	0.075030697636701	5.0160678614252	9.98210814023881	19.9381008412445
377	1000	cavi	0.0489999999999924	0.0746282557004147	5.01753050346632	9.98280908696407	19.9375600479066
378	1000	gibbs	75.061	0.020712884697777	4.92773465336227	9.95569728492037	20.0086759388202
378	1000	cavi	0.0480000000000018	0.0213939045560135	4.92757618110331	9.95494022372476	20.0074049229431
379	1000	gibbs	75.584	-0.0314238525459738	4.95244203439929	9.81231455964183	19.9207222468531
379	1000	cavi	0.0470000000000113	-0.0334708375572299	4.95169322578845	9.81298670883701	19.9198969278664
380	1000	gibbs	75.612	-0.0882023024138666	5.12629983078251	9.87994842991913	19.9543042346732
380	1000	cavi	0.0510000000000019	-0.0874280394263463	5.12734079903518	9.88008873735727	19.9539331435123
381	1000	gibbs	75.333	-0.166693329941744	4.99487903031727	10.0197761156124	19.9858402432833
381	1000	cavi	0.046999999999997	-0.166766435228518	4.99546500487724	10.0198426519769	19.9848857435875
382	1000	gibbs	73.943	0.257987738263066	6.51504599889492	14.7706924263285	19.9015988269913
382	1000	cavi	0.0499999999999972	-0.0450501279633062	5.03606904974233	9.88996029641797	19.8799966295794
383	1000	gibbs	74.42	-0.0276754687300145	4.94396531750103	9.97263339485048	20.0045412243984
383	1000	cavi	0.0490000000000066	-0.0275475442753921	4.94372574234908	9.97138016752682	20.0047301804294
384	1000	gibbs	75.186	0.0328781097789129	4.926543652081	9.86381344255644	19.8393610898438
384	1000	cavi	0.0499999999999972	0.0329376212918347	4.92596939327676	9.86460920089842	19.8396754179831
385	1000	gibbs	75.259	0.08871238762804	4.87270127169319	9.92927925100159	20.0161736975916
385	1000	cavi	0.0499999999999972	0.0884492128969366	4.87208276768311	9.93078648723017	20.0145716128005
386	1000	gibbs	75.015	0.0764534269390792	4.9705789931921	9.94002005737032	19.9079903983319
386	1000	cavi	0.0489999999999924	0.0752317976493468	4.97021771442966	9.93984894281586	19.9076095959344
387	1000	gibbs	75.574	0.120801990597515	5.00966913683078	9.95786143949062	19.8392286881362
387	1000	cavi	0.0519999999999925	0.122321620201902	5.00873016701032	9.95767066810731	19.8392886741361
388	1000	gibbs	75.374	0.0869478381169875	4.97491897359491	9.97104301854324	19.9998795269248
388	1000	cavi	0.0500000000000114	0.0874162869360189	4.97418532883955	9.97166963548044	19.9988410727717
389	1000	gibbs	75.283	0.117679415027474	4.93687152509037	9.88977256930169	19.9489478537835
389	1000	cavi	0.0510000000000019	0.115918060935243	4.93645259785742	9.89053136684066	19.948398448613
390	1000	gibbs	77.756	-0.0851216950721164	4.86189599996796	9.99989041093694	19.8268431653512
390	1000	cavi	0.0510000000000019	-0.0844232669076097	4.86255163400948	10.0011776613632	19.8272563017885
391	1000	gibbs	77.175	0.00722117481797762	4.95907348610745	9.92946228629255	19.9384046955042
391	1000	cavi	0.0509999999999877	0.00760714825210405	4.95994984890345	9.92891559568864	19.9386494907271
392	1000	gibbs	76.831	0.0326330051304966	4.91398573202693	9.94419025686679	19.9348173589085
392	1000	cavi	0.0499999999999972	0.0327062572732482	4.91361399422048	9.94389806340888	19.9343879131247
393	1000	gibbs	74.777	-0.145331929864873	4.94011044004329	10.023407739726	19.9369912004313
393	1000	cavi	0.0480000000000018	-0.145330493021705	4.94056402103267	10.0231040221669	19.937472674696
394	1000	gibbs	76.76	-0.0218052876465836	4.99397737987484	9.93621344361828	19.9721250659275
394	1000	cavi	0.0510000000000019	-0.0224222227202129	4.992662484255	9.93645636558637	19.9712169482023
395	1000	gibbs	77.511	-0.0442408692004088	5.08310682253652	9.89125623552789	19.8947335827301
395	1000	cavi	0.054000000000002	-0.0450425484706899	5.08196798222719	9.89149410428461	19.8939837037141
396	1000	gibbs	77.94	-0.0144904784524781	5.05367731793806	9.85518892375909	19.8671061846293
396	1000	cavi	0.054000000000002	-0.0152004976525849	5.05408090136021	9.85487215880744	19.8677616713924
397	1000	gibbs	75.641	0.00751831963194112	4.9827238689944	9.95042985036017	19.8551744465
397	1000	cavi	0.0519999999999925	0.00723132980156685	4.98290689240848	9.94935589664899	19.8537538821698
398	1000	gibbs	77.987	0.0308531235578848	4.95701326968828	9.96247484760988	19.977397468987
398	1000	cavi	0.0510000000000019	0.0304712058896988	4.95620933082662	9.96193055054518	19.977647291624
399	1000	gibbs	78.027	0.0366027707975842	4.9386337608614	10.1624550432039	19.9429446659036
399	1000	cavi	0.0480000000000018	0.035350477972017	4.93829824984604	10.1622438460726	19.9425158454688
400	1000	gibbs	77.726	-0.0153181678579513	4.98366137547318	10.0884612868504	19.8383890302728
400	1000	cavi	0.0520000000000067	-0.0160786847001691	4.9859771059034	10.0889502344042	19.839077746741
401	1000	gibbs	75.223	-0.00328677043873494	5.05500691403007	9.98736456327935	19.9285769241637
401	1000	cavi	0.0489999999999924	-0.00360953536165553	5.05686609123007	9.98753972698956	19.9287618895442
402	1000	gibbs	75.269	-0.0513266492339421	4.96919899721839	9.92206901485389	19.9230911488521
402	1000	cavi	0.0489999999999924	-0.0520873998034363	4.96983892963369	9.92284314458454	19.9239289186312
403	1000	gibbs	75.464	-0.0664396488953853	4.97503202577544	9.98535755064732	19.8779348551471
403	1000	cavi	0.0499999999999972	-0.067323337546598	4.97520885859097	9.98484796948188	19.8798415274128
404	1000	gibbs	75.414	0.00587971534224997	4.96308512267622	9.97376153379799	19.8916406106222
404	1000	cavi	0.0479999999999876	0.0060821038330696	4.96287276398515	9.97394789582067	19.8910418504745
405	1000	gibbs	75.558	-0.0427285336845263	5.05857634361723	10.0529087341518	19.8737124684381
405	1000	cavi	0.0480000000000018	-0.0432119612457632	5.05792116331578	10.053954890897	19.8732072906782
406	1000	gibbs	75.783	0.0977604821310916	5.11585471294982	9.94970030902319	19.9598882104885
406	1000	cavi	0.0499999999999972	0.0973512180410887	5.11506914938122	9.94898350362078	19.9585732329856
407	1000	gibbs	75.712	-0.0169645474721725	5.02178875492713	9.899657362316	19.9794956258428
407	1000	cavi	0.0499999999999972	-0.0160546004242521	5.02152226663963	9.90005963137173	19.9792568403427
408	1000	gibbs	75.669	-0.0249419245870187	4.96007875179771	10.0695515251582	19.8288431348349
408	1000	cavi	0.0490000000000066	-0.024691739439974	4.95859558514957	10.0692165852088	19.8287335496457
409	1000	gibbs	75.79	0.116313343903352	5.00575924483305	9.93751631864458	20.0007285343509
409	1000	cavi	0.046999999999997	0.11689769719375	5.00372829955244	9.93660885912428	20.0009911401055
410	1000	gibbs	75.506	-0.00524317345906593	5.05003172035705	10.0078467606255	19.8632172323594
410	1000	cavi	0.0489999999999924	-0.00407129357137757	5.05055197247923	10.0098244296703	19.8630798764067
411	1000	gibbs	75.466	0.0283633300404396	5.00514704908247	9.985912326451	20.0329252269424
411	1000	cavi	0.0490000000000066	0.0288586103630835	5.00618513946183	9.98611355485488	20.0336163159345
412	1000	gibbs	75.419	-0.0619438282456746	4.96504683294552	9.97710536778142	19.9788292214138
412	1000	cavi	0.0480000000000018	-0.0629288281797947	4.96442716279607	9.97701901867187	19.9786018380239
413	1000	gibbs	75.653	0.273521564412321	6.62761066737437	14.671310417077	19.895119691821
413	1000	cavi	0.0489999999999924	-0.102962104848117	4.9874528864516	9.96215323650883	19.7914730453914
414	1000	gibbs	74.399	0.020166261724975	4.88195122257884	9.97725190180211	19.913810209194
414	1000	cavi	0.0480000000000018	0.0186147425607301	4.88228822204111	9.97687095714056	19.9140050022613
415	1000	gibbs	75.669	0.320885660090015	6.4348315550636	14.7358567987291	20.0099269875853
415	1000	cavi	0.0489999999999924	-0.0352807804096068	5.01225315630626	9.80235497971541	19.9552330312206
416	1000	gibbs	75.277	-0.10081378353968	5.11799398024499	9.85380393741074	19.9803312708952
416	1000	cavi	0.0479999999999876	-0.101167408053175	5.11906097541923	9.8555610463325	19.9806370945353
417	1000	gibbs	76.436	-0.0733992636618813	5.04241213041115	10.0302591436748	19.8606914805699
417	1000	cavi	0.0460000000000065	-0.0747910056720869	5.04231581396901	10.030018774041	19.8598544766949
418	1000	gibbs	75.605	-0.0271125874900945	4.91993092638143	9.95757865673859	19.919258129036
418	1000	cavi	0.046999999999997	-0.028163474344718	4.91930595320167	9.95715410720045	19.920643229456
419	1000	gibbs	75.938	0.0134982740610765	4.94130683683748	10.0959690752221	20.0158217677425
419	1000	cavi	0.0480000000000018	0.0136368725668952	4.94230827444452	10.0965306057289	20.0159454132361
420	1000	gibbs	75.623	-0.0848202112433061	5.00802368773248	9.92273665559314	19.9104748691608
420	1000	cavi	0.0490000000000066	-0.0845260073980666	5.00841870235538	9.92304616594388	19.9108792848622
421	1000	gibbs	75.599	-0.041573191778396	4.92483458545212	10.044664930847	19.9355156737175
421	1000	cavi	0.0510000000000019	-0.0417426507583471	4.92412513543875	10.0456585410853	19.9366175979393
422	1000	gibbs	75.681	-0.029110270302778	4.97217687045269	10.0070699256116	19.9491783856895
422	1000	cavi	0.0510000000000019	-0.0291211467684201	4.97173499602487	10.007009257652	19.9482485112112
423	1000	gibbs	75.485	0.496910219029013	6.76824653387157	14.6839845422885	20.0167030982004
423	1000	cavi	0.0519999999999925	-0.00382342313221529	5.02357872606547	10.0157608673481	19.8662887841097
424	1000	gibbs	75.497	-0.131056842715323	4.91011203149779	9.88731122503371	19.8905541293984
424	1000	cavi	0.0480000000000018	-0.131948558297233	4.91105537794521	9.88691727225056	19.8908811975458
425	1000	gibbs	75.29	-0.0424779818060456	5.05574643797293	9.94842063408824	19.7519334380002
425	1000	cavi	0.0519999999999925	-0.0411005195867564	5.05599302159114	9.9479417921394	19.752260848757
426	1000	gibbs	75.36	0.0591917034696654	4.8735381455892	9.99552803065418	19.9312243844561
426	1000	cavi	0.0499999999999972	0.0595699509200624	4.87388672756221	9.99561282546686	19.9304659125135
427	1000	gibbs	75.636	-0.0416081360652022	4.96436772276406	10.0583716352325	19.9194376653649
427	1000	cavi	0.0489999999999924	-0.0412621266322665	4.96375178655752	10.0577249662313	19.9197826278859
428	1000	gibbs	75.386	0.0185418377424787	4.89535374535761	9.94689966607194	19.9129970362644
428	1000	cavi	0.0499999999999972	0.0168727349276156	4.89403483406618	9.94646383063349	19.913058735083
429	1000	gibbs	75.21	-0.000231382281759442	4.88748375665807	10.0455928964614	19.9634037788924
429	1000	cavi	0.046999999999997	0.000730523255124176	4.88645298183196	10.0454948595816	19.9639504090072
430	1000	gibbs	75.423	0.0680028636834988	4.98004367734315	9.85960148600693	19.8561559124025
430	1000	cavi	0.0480000000000018	0.067881436302506	4.98033141382102	9.86024338066241	19.8571302915351
431	1000	gibbs	75.289	0.0221390577744019	4.91006237468428	9.97534836031314	19.9581551629684
431	1000	cavi	0.0480000000000018	0.0221144777408133	4.91079657458932	9.97601384659841	19.9572789927626
432	1000	gibbs	75.293	0.0648692843308336	5.08355539023084	10.0107524789763	19.8862862146247
432	1000	cavi	0.0460000000000065	0.0646294226249414	5.08261327964737	10.0103053098887	19.8874278811937
433	1000	gibbs	75.386	0.0694813376411376	4.90129722352368	9.91368049199599	19.8804668599739
433	1000	cavi	0.0480000000000018	0.0702852150677092	4.90216187526384	9.91370764936362	19.8805092707574
434	1000	gibbs	75.739	-0.00849558974257263	5.03721170447249	9.90019976166075	19.8647598869134
434	1000	cavi	0.0490000000000066	-0.00867795429433706	5.03801371574848	9.9004379905952	19.8645128604347
435	1000	gibbs	76.001	-0.0129769692571632	4.84708152332296	9.94535816562542	19.9331448820801
435	1000	cavi	0.0480000000000018	-0.0111433078975657	4.84706106668453	9.94569814050479	19.9334645489498
436	1000	gibbs	75.739	0.00553082816867904	5.06116308031807	9.81235113646051	19.8650309173576
436	1000	cavi	0.0489999999999924	0.00476172131495192	5.06031958122448	9.81263886846935	19.864892835775
437	1000	gibbs	75.741	-0.042104743850509	4.95723155911155	10.0144554838289	19.8875131054119
437	1000	cavi	0.0480000000000018	-0.0418251757318031	4.95768693647405	10.0135580448872	19.8858013293004
438	1000	gibbs	75.62	-0.0929556447285291	4.980858005622	9.92413885572464	19.9365095853031
438	1000	cavi	0.0510000000000019	-0.0931502361836525	4.98175769779135	9.92351961860711	19.935398840222
439	1000	gibbs	75.759	0.075623858692132	5.02798577210997	10.0274725009807	19.9237301167416
439	1000	cavi	0.0490000000000066	0.0751892030705194	5.02754231760399	10.0271192479317	19.9231818236272
440	1000	gibbs	75.641	0.00256929213628946	4.8878442572864	9.95423390975264	19.9614106178898
440	1000	cavi	0.054000000000002	0.0019546990507918	4.88827325735568	9.95467559726709	19.9616788788328
441	1000	gibbs	75.76	-0.0428684456227704	5.09191494627535	9.89559545206247	19.8658884386635
441	1000	cavi	0.0479999999999876	-0.0430298596723599	5.09247003025852	9.89533774478075	19.8655201784903
442	1000	gibbs	75.97	-0.015499079313278	4.96819293657912	9.95222178428207	19.9140328993312
442	1000	cavi	0.0480000000000018	-0.0154129254694907	4.96822272427133	9.95262267228327	19.9141480432393
443	1000	gibbs	75.39	0.00538771575994158	5.02478676982106	10.029713627666	20.0960432826406
443	1000	cavi	0.0520000000000067	0.00606264077039943	5.02603959643997	10.0293869250731	20.0956079795095
444	1000	gibbs	75.679	0.0367582861141846	4.93640860327188	9.89101475159921	19.8879527019762
444	1000	cavi	0.0480000000000018	0.0368640039989035	4.93617297992559	9.89070452055492	19.8879474029551
445	1000	gibbs	75.465	-0.0173606985901887	4.95739688164737	9.98594513882521	20.0084484147582
445	1000	cavi	0.0510000000000019	-0.017150985117813	4.96041194957511	9.98616716162125	20.0080127182239
446	1000	gibbs	75.475	-0.0260373580639706	4.89192236425864	9.83468042757121	20.0368419139395
446	1000	cavi	0.0499999999999972	-0.0270786576374809	4.89188916306183	9.83652150219761	20.0359198985859
447	1000	gibbs	75.361	0.0386793868621343	4.84060556296519	9.90156113171299	19.7936416790581
447	1000	cavi	0.0509999999999877	0.039138023185958	4.84100704752384	9.9022044598674	19.7928858623031
448	1000	gibbs	75.638	-0.0868820781485213	5.03266661828636	10.0693722902418	19.9741318020834
448	1000	cavi	0.0489999999999924	-0.0858505444563315	5.03255442447463	10.0694376287278	19.9745845147906
449	1000	gibbs	75.672	-0.0877217055829549	5.07235887706604	9.91983711423691	19.9708634600492
449	1000	cavi	0.0530000000000115	-0.0880284904580146	5.07225074584214	9.9185604787376	19.970898165739
450	1000	gibbs	75.809	-0.000727547614656956	5.0125867080345	10.0040615406163	19.8470050546183
450	1000	cavi	0.0510000000000019	-0.000198762048265677	5.01270923288923	10.0041935638468	19.8466865008627
451	1000	gibbs	75.558	-0.00417349148885082	4.91108927832097	10.0074355121376	19.9072694511239
451	1000	cavi	0.0510000000000019	-0.00322524355024405	4.91130622332475	10.0064838284557	19.907476665941
452	1000	gibbs	75.695	0.662798013484841	6.7118711139491	14.7829439701177	19.9269906840105
452	1000	cavi	0.0490000000000066	0.0784584418759507	4.94103290721585	9.88256406574182	19.8997836437071
453	1000	gibbs	75.456	0.029192519162053	5.017511958751	10.1090311877983	19.7718784011901
453	1000	cavi	0.046999999999997	0.0298870367283104	5.01678018008464	10.1099317815982	19.7718029941739
454	1000	gibbs	75.62	-0.0272435298870163	5.00007851509947	10.0436522895772	19.9497386964574
454	1000	cavi	0.0439999999999969	-0.0274664490726333	4.99917763310319	10.0423122738471	19.9501233980593
455	1000	gibbs	75.429	-0.056615594088857	4.97653263532407	9.98626210629186	20.0018560296572
455	1000	cavi	0.0510000000000019	-0.0556942427824586	4.97707481048593	9.98485993171249	20.0017987550461
456	1000	gibbs	75.162	0.0416648535257276	4.93469275998114	9.86685375234934	19.9197490446061
456	1000	cavi	0.0519999999999925	0.0415457817598524	4.93504517554413	9.86572950704526	19.9187862984188
457	1000	gibbs	75.643	-0.0321534646303736	5.05276810107162	9.9067052153829	19.8661485376076
457	1000	cavi	0.0489999999999924	-0.0310335584175819	5.05325689623187	9.90836159926728	19.8670283042872
458	1000	gibbs	75.661	0.0953260839741993	4.96351440635387	9.9002098563477	19.9466799311311
458	1000	cavi	0.0499999999999972	0.0962393493820689	4.96561708739215	9.90136598904605	19.9472116183416
459	1000	gibbs	75.252	-0.0117442781968859	4.92238465010016	9.94964252241993	19.7971659783737
459	1000	cavi	0.046999999999997	-0.011197519492254	4.92255412982166	9.95025231526953	19.7983045693958
460	1000	gibbs	75.625	0.0246303641392724	5.04735318516976	9.8992579016517	19.9275351039447
460	1000	cavi	0.0499999999999972	0.0241963419636524	5.04625202933682	9.89933745619415	19.9274303458638
461	1000	gibbs	75.345	-0.0535863726716857	5.01998520916111	9.87122241920657	19.9174184052252
461	1000	cavi	0.0499999999999972	-0.0539655167491804	5.02083476062389	9.87048630739914	19.9154399587299
462	1000	gibbs	75.481	-0.0876571926180343	5.04324291039159	10.0030980636023	19.9125565627037
462	1000	cavi	0.0480000000000018	-0.0874676782432544	5.04297616936906	10.0032111993945	19.9130660333838
463	1000	gibbs	75.477	0.00357372452503945	4.95176928937528	9.93094282876021	19.9082752130972
463	1000	cavi	0.046999999999997	0.00283141296811721	4.95106733795565	9.9308938288464	19.9085618216731
464	1000	gibbs	75.954	-0.186109369726167	4.88144590144472	9.95044824702992	19.7857785338698
464	1000	cavi	0.0459999999999923	-0.1877016641488	4.88041582219944	9.94869850510432	19.7870002454997
465	1000	gibbs	75.469	0.0267345513697217	4.87444562764489	10.0955659788082	19.8824938789705
465	1000	cavi	0.0480000000000018	0.0255517780026736	4.87529465827456	10.095676200178	19.8832656601725
466	1000	gibbs	75.927	0.0204258610125219	5.02396352774448	9.87398967886288	19.9038822216386
466	1000	cavi	0.0499999999999972	0.0208365499700784	5.02439363851321	9.87309483809511	19.9046198169471
467	1000	gibbs	75.7	-0.115801106894294	4.92951723157037	10.0021783587092	19.8955374687385
467	1000	cavi	0.0459999999999923	-0.116162398857973	4.92861441920207	10.0017213463902	19.895331929138
468	1000	gibbs	75.683	-0.098475730350481	4.91781652973708	9.87601676181085	19.8677669298001
468	1000	cavi	0.0460000000000065	-0.0979817045841297	4.91717366706597	9.87531402689773	19.8677232033236
469	1000	gibbs	75.602	0.0164027780700782	5.07021030060264	10.0246634229315	19.9868251414048
469	1000	cavi	0.0519999999999925	0.0160437610030468	5.07015415731158	10.0237896843116	19.9870465108357
470	1000	gibbs	75.517	0.0834948589026197	5.06518770858776	9.83819253605284	19.9344026171906
470	1000	cavi	0.0510000000000019	0.084307586447686	5.06519636422938	9.83785249327399	19.9333896197746
471	1000	gibbs	75.642	-0.0371863242453732	4.8424639820308	9.95608888599393	19.9440268115704
471	1000	cavi	0.0520000000000067	-0.0372765130302967	4.84108635958742	9.95579255466948	19.9437289172789
472	1000	gibbs	74.881	0.00298289062961054	4.94124774380503	9.91072769656366	20.042518745423
472	1000	cavi	0.0500000000000114	0.00308209463455208	4.94038927609994	9.91022118337432	20.0424820305332
473	1000	gibbs	75.435	-0.0858478233263242	4.95628768165913	9.94473507679344	19.8925430974536
473	1000	cavi	0.0499999999999972	-0.0855311626784531	4.95705964530661	9.94411362093756	19.8921528059015
474	1000	gibbs	75.428	-0.0769793496716041	4.91521731407667	9.90253405532725	20.02234727721
474	1000	cavi	0.0480000000000018	-0.0777357583172282	4.91538945091247	9.9010695508067	20.0217550574669
475	1000	gibbs	76.079	-0.00980303428214648	4.97085457443446	9.98114227069199	19.9580857755487
475	1000	cavi	0.0480000000000018	-0.00940122013302824	4.97106261169916	9.98213669137218	19.9591378138031
476	1000	gibbs	75.501	-0.0368935919245478	5.05317575843686	10.0169474935902	19.9506421813645
476	1000	cavi	0.0499999999999972	-0.0368121498207942	5.0543591646006	10.0163064676284	19.9499134256629
477	1000	gibbs	75.569	-0.00195251667366286	4.96250372287888	9.94257020564675	19.9274842922439
477	1000	cavi	0.0529999999999973	-0.00337927668451815	4.96273123899077	9.94164761997495	19.9284650119969
478	1000	gibbs	75.61	-0.0673196429535161	5.06728678058589	10.0119980429028	19.9605837075203
478	1000	cavi	0.0490000000000066	-0.0660311450452829	5.06798585700843	10.0126850192976	19.9619261782663
479	1000	gibbs	75.409	0.0858297738712735	5.16713055590677	9.95155842431513	19.9529683074494
479	1000	cavi	0.0510000000000019	0.0878111997807664	5.16758183505587	9.95233953592564	19.9541248258121
480	1000	gibbs	75.518	0.0671615491695035	4.96004851658772	9.98184038688148	19.890212233487
480	1000	cavi	0.0470000000000113	0.0685383863218809	4.96133542520218	9.98199501561377	19.8899321811346
481	1000	gibbs	75.97	0.0137065582415938	5.01239328660969	10.0330876759687	19.9478303737382
481	1000	cavi	0.0450000000000017	0.0131058506423643	5.01175124562477	10.0320228245727	19.9488664272287
482	1000	gibbs	73.986	-0.00795010881031517	4.87170632782984	9.93681148953148	20.0041338517728
482	1000	cavi	0.0499999999999972	-0.00765041238337757	4.87030033153951	9.93686110337504	20.0027061920062
483	1000	gibbs	74.385	0.092617425504668	4.84550902817233	9.77190852371669	19.90038245967
483	1000	cavi	0.0510000000000019	0.0932262028426688	4.84685767590245	9.77278221682378	19.9006447600902
484	1000	gibbs	75.658	0.0806552275540304	4.9981497417798	10.0752973765073	19.9891890710994
484	1000	cavi	0.0489999999999924	0.0780026503903169	4.99657375425265	10.075853220749	19.9887273559019
485	1000	gibbs	75.107	-0.100677846294681	4.94715848938895	9.91029076913521	19.8725027072069
485	1000	cavi	0.0519999999999925	-0.100396787352534	4.94748408374109	9.91095048717457	19.8720723774387
486	1000	gibbs	74.014	-0.00317167196575314	4.99440143182034	9.87266084707685	19.9388157373427
486	1000	cavi	0.046999999999997	-0.00363729045889187	4.9936177304929	9.87256868048554	19.9388614454225
487	1000	gibbs	75.294	0.202432300424549	5.07268599694097	9.99188413619022	19.9555698030966
487	1000	cavi	0.0450000000000017	0.202012545829281	5.07259930818563	9.99199314878015	19.9574247038129
488	1000	gibbs	75.032	0.00376148887129396	4.91722048616678	9.99365938253658	19.9807200808928
488	1000	cavi	0.0519999999999925	0.00478913621694971	4.91677639780908	9.99341992711448	19.9796538930149
489	1000	gibbs	75.498	-0.0837447196800121	5.07360270963678	9.89142131868954	19.894086679782
489	1000	cavi	0.0530000000000115	-0.0829080400636594	5.07229386922317	9.89284193686577	19.8936582991764
490	1000	gibbs	74.984	-0.0183896652655407	5.01089336314967	10.0217916816674	19.9997348526839
490	1000	cavi	0.0450000000000017	-0.0182454878727711	5.01060775262885	10.0221376543309	20.0000541074028
491	1000	gibbs	77.394	-0.084968364345701	5.10619422084087	9.99587177631529	19.9694326501095
491	1000	cavi	0.0480000000000018	-0.084661272678081	5.10621936704873	9.99441159754019	19.9694304183045
492	1000	gibbs	76.8	-0.00405994598694488	5.03744000242378	9.81596291421259	20.046085986307
492	1000	cavi	0.0459999999999923	-0.0042390358641613	5.0365347478125	9.81370042877321	20.044983118372
493	1000	gibbs	76.642	-0.0587000243852758	4.78334791026462	9.92046595798194	19.8845305969081
493	1000	cavi	0.0499999999999972	-0.0582493465678618	4.78294404657154	9.9210964340512	19.8849816371621
494	1000	gibbs	76.337	0.0265828237861954	4.96178124325058	9.92016220257512	19.9779799747633
494	1000	cavi	0.0460000000000065	0.0257693185966281	4.96127859891876	9.92047798117411	19.9777023078074
495	1000	gibbs	77.532	-0.0648082908964773	4.96313889786981	9.92237740709726	19.9017780562706
495	1000	cavi	0.0510000000000019	-0.0651103014068675	4.96405634818901	9.92205339363471	19.9016920186384
496	1000	gibbs	77.883	-0.0500279284280686	4.78563423405225	9.98712649426902	19.9736407633942
496	1000	cavi	0.0490000000000066	-0.0500746830905132	4.7850510339417	9.98757944498381	19.9734325411329
497	1000	gibbs	75.753	0.0550070738041582	5.04530433842349	9.91604279637109	19.8681936620223
497	1000	cavi	0.0499999999999972	0.0555648634009434	5.04669356520775	9.91553310251321	19.867818598538
498	1000	gibbs	74.274	0.0646236808443362	4.95093290468194	9.97625368187396	19.8846154827281
498	1000	cavi	0.046999999999997	0.0640040839438381	4.95057062947017	9.97625854990695	19.8834342000409
499	1000	gibbs	78.405	0.0905650653436463	4.91275747960339	9.95942916687253	19.822804207915
499	1000	cavi	0.0480000000000018	0.0920000266295901	4.91277152370434	9.95995194381624	19.8225921257403
500	1000	gibbs	77.896	0.0320945113003506	4.97367006419414	9.93698617595253	19.9258241417011
500	1000	cavi	0.0519999999999925	0.0333481100801056	4.97320303115368	9.93629191291115	19.9268316699769
