i	n	method	time	mu_1	mu_2	mu_3	mu_4
1	100	gibbs	12.046	0.0271092059087705	4.8376917935808	9.59724100953591	19.2093705868191
1	100	cavi	0.0449999999999999	0.0268122513954737	4.84232983968295	9.59287151440827	19.2087398503998
2	100	gibbs	12.016	-0.00523569998170099	4.66109011125805	9.51517050386436	19.3576931311387
2	100	cavi	0.0439999999999987	-0.00639644893958494	4.65971863251297	9.5208054353346	19.3547621380568
3	100	gibbs	11.991	0.0426600427196456	4.89870592413395	9.70836697646272	18.9828952433111
3	100	cavi	0.0440000000000005	0.0427153271055714	4.9031986535392	9.70763533395789	18.9842974688534
4	100	gibbs	11.957	0.025667467926651	4.69463292968691	10.0453895050326	19.3138116858048
4	100	cavi	0.0440000000000005	0.0301363242941845	4.69498109916545	10.0499808347713	19.3119390870877
5	100	gibbs	12.094	-0.338141852521061	4.72001134219152	9.92785830062948	19.5151648647496
5	100	cavi	0.0429999999999993	-0.336611310644001	4.72001585659559	9.92613505076261	19.5181092388787
6	100	gibbs	12.069	0.0592338129189411	4.65362907325978	9.71248300664416	19.3379391967136
6	100	cavi	0.0440000000000005	0.0597840560606452	4.65773038874039	9.71404873804032	19.339071516387
7	100	gibbs	12.027	0.0405368263562566	4.56502489298431	9.66040091142756	19.4133050330182
7	100	cavi	0.0470000000000006	0.0441032849264522	4.56859495245605	9.66248684998862	19.4141289405685
8	100	gibbs	12.004	0.43109713031072	4.52018493302694	9.40515427640534	19.3643258517743
8	100	cavi	0.0469999999999988	0.43525813273855	4.53302734945949	9.41656377074731	19.3629760761878
9	100	gibbs	12.053	-0.0327474006417825	4.73791074141352	9.68309552692821	19.4404292391792
9	100	cavi	0.0459999999999994	-0.0306125227204272	4.74107306492736	9.68138892964732	19.4381187699342
10	100	gibbs	12.046	0.206616185393042	4.45573413196366	9.42063932486885	19.3688763606297
10	100	cavi	0.0460000000000012	0.210965783351694	4.45899320338268	9.42083802667837	19.3723987808427
11	100	gibbs	12.008	-0.218443400338155	4.91239520136002	9.40534808209324	19.1074334493783
11	100	cavi	0.0449999999999999	-0.217374383728247	4.92418329308154	9.41796561161218	19.1083819978989
12	100	gibbs	12.019	-0.122177864181409	4.80641782537175	9.46828142178631	18.936568157761
12	100	cavi	0.0440000000000005	-0.120459264134698	4.81446252131936	9.48002159846575	18.9355252294063
13	100	gibbs	12.044	-0.146959339092257	4.4924784956437	9.69699830795011	19.3669357561831
13	100	cavi	0.0440000000000005	-0.142333233971357	4.49644124441976	9.69884354661004	19.3664820535655
14	100	gibbs	12.04	0.0437678040414562	4.50090508832995	10.0330324018949	19.3661032576293
14	100	cavi	0.0439999999999987	0.0481032263801824	4.49549420616673	10.0372942833278	19.3673180509755
15	100	gibbs	12.054	0.122420104925982	4.88814247435661	9.54274028329516	19.1720731586353
15	100	cavi	0.0449999999999999	0.120038312355764	4.89127674223035	9.54694359409919	19.1708374456612
16	100	gibbs	12.523	0.0161105116622756	5.05092090439693	9.18587238562641	19.1985931026834
16	100	cavi	0.0469999999999988	0.0176226131405033	5.06243155837806	9.1941548366391	19.1972585712765
17	100	gibbs	12.2	0.0204445030227919	5.08700888294922	9.68005509847713	19.312339124184
17	100	cavi	0.0459999999999994	0.0181354169700678	5.08355296010453	9.67227333783352	19.3126027390009
18	100	gibbs	12.079	-0.18236868199303	4.59541211138791	10.0587477821646	19.2257197139867
18	100	cavi	0.0440000000000005	-0.181979805132285	4.59572974546881	10.0553152640026	19.2285240579072
19	100	gibbs	12.155	0.087695775409273	4.87930147087899	9.06866608869425	19.1921985561819
19	100	cavi	0.0459999999999994	0.0887177458515324	4.88145359733569	9.07118406586384	19.1932626159625
20	100	gibbs	12.131	0.373418691104388	5.02249546056853	9.51826693982367	19.3421163467352
20	100	cavi	0.0439999999999987	0.377652218309588	5.02329377263851	9.52310378165765	19.3424326853087
21	100	gibbs	12.256	0.134074417947393	4.93164302777614	9.66973688290611	18.5754204034815
21	100	cavi	0.0440000000000005	0.142244072827543	4.93461076818011	9.66795994802107	18.5766173345762
22	100	gibbs	12.147	0.210227660543097	4.72168463026486	9.50355161921156	19.4253279002465
22	100	cavi	0.0469999999999988	0.208555697670855	4.72228645088661	9.50511956778672	19.424307094192
23	100	gibbs	12.209	-0.0687074838005128	4.75660161534191	9.4164380729188	19.3531104364705
23	100	cavi	0.0449999999999999	-0.0672686582941396	4.75195576945636	9.41829971148043	19.3536106320516
24	100	gibbs	12.211	-0.190385911181331	4.64215961565561	9.3251578340912	19.1826154106556
24	100	cavi	0.0449999999999999	-0.189686406639156	4.6479958095953	9.32755332657915	19.1789923842719
25	100	gibbs	12.105	-0.122359103804594	4.45783420537846	9.30150398426566	19.1505643488053
25	100	cavi	0.0459999999999994	-0.126182332396068	4.45800354712156	9.30868338114686	19.1477143038346
26	100	gibbs	12.119	-0.0765376718118136	4.33939462863756	9.25897657843992	19.5136773001621
26	100	cavi	0.0469999999999988	-0.0625472181961465	4.35501398206107	9.25856257456939	19.5131301861498
27	100	gibbs	12.163	-0.355056428960119	4.9406714512907	9.49567520406124	19.5937142374766
27	100	cavi	0.0449999999999999	-0.354384162212051	4.93608172818773	9.49016992711269	19.5949517853394
28	100	gibbs	12.135	0.210917732641016	4.35374093946656	9.55429029387311	18.9821904688438
28	100	cavi	0.0449999999999999	0.210740398181623	4.36259606248707	9.55624414005051	18.9778623971812
29	100	gibbs	12.156	0.308537146689069	4.6688686063002	9.73129091603142	19.1376013124499
29	100	cavi	0.0440000000000005	0.306427764912022	4.67551913289425	9.73365507287796	19.1341502589157
30	100	gibbs	12.159	0.251423805657437	4.69061749942415	9.46581771818533	19.3859817351699
30	100	cavi	0.0440000000000005	0.251421353643113	4.69596009455112	9.47207959605005	19.3855048848914
31	100	gibbs	12.214	0.0982723720317434	4.73492042637722	9.58606803695195	19.3176939358649
31	100	cavi	0.0429999999999993	0.0990976513691539	4.74188149368099	9.59198256084369	19.3159594329239
32	100	gibbs	8.266	-0.0933175207149822	4.65968734939645	9.76826894592154	18.789835716709
32	100	cavi	0.0300000000000011	-0.0894359751233474	4.66849803132004	9.76784426384159	18.7899426963782
33	100	gibbs	8.327	-0.077147453286706	5.0215512820514	9.32170655845007	19.0211455921062
33	100	cavi	0.0309999999999988	-0.0760012678894749	5.03070863379129	9.3280427985547	19.0243402824711
34	100	gibbs	8.311	0.0316365026793438	4.58059059390494	9.37994613345929	19.0783067841421
34	100	cavi	0.0299999999999994	0.0311130959098208	4.57878194243262	9.37886789486595	19.0762585204813
35	100	gibbs	8.32	-0.197340466535404	4.59346017321655	9.54204978847065	19.260392299175
35	100	cavi	0.0299999999999994	-0.197947833844441	4.59465367197484	9.54030209390243	19.2616820357133
36	100	gibbs	8.313	0.108980517915462	4.95248816800665	9.32798746023064	19.5166776144575
36	100	cavi	0.0299999999999994	0.110831004522693	4.96865468716978	9.33533863796324	19.5175500977934
37	100	gibbs	8.232	0.211164371300699	4.73515334055175	9.74604834134393	19.1333966742048
37	100	cavi	0.0299999999999994	0.215652002751131	4.73400220303221	9.74898775592611	19.1364737937772
38	100	gibbs	8.249	-0.293837961377016	4.2837201564158	9.67168765930519	19.12076231736
38	100	cavi	0.0309999999999988	-0.293644600159721	4.28562984952291	9.67187098414124	19.1204223843665
39	100	gibbs	8.287	-0.20017458017098	4.42341121522679	9.08793600758338	19.3853682364931
39	100	cavi	0.0309999999999988	-0.198982746352581	4.42143033411185	9.09307986357242	19.3852580194151
40	100	gibbs	8.285	-0.0530410016021073	4.49938999997145	9.3878870522691	19.1310199967148
40	100	cavi	0.0289999999999999	-0.053510950984419	4.50027514243736	9.39205212052061	19.1275758954096
41	100	gibbs	8.274	-0.139641165478977	4.46454349310233	9.34805187186832	19.1793409486974
41	100	cavi	0.0289999999999999	-0.140598155627713	4.46456543451485	9.34422681750328	19.1793624763771
42	100	gibbs	8.213	0.173371653052001	4.79900311199852	9.44498408985029	19.3784850098139
42	100	cavi	0.0310000000000006	0.172518350275345	4.80370054058998	9.44523875650177	19.3805359213917
43	100	gibbs	8.293	0.29589834357563	4.49819079316115	9.29330155926475	19.5908164025156
43	100	cavi	0.0310000000000006	0.292701848177815	4.502771088451	9.29383852022468	19.5883659131338
44	100	gibbs	8.321	0.162829583358884	4.69992095541418	9.761976295575	18.9910067187156
44	100	cavi	0.0310000000000006	0.16443703773752	4.70092973828271	9.76339017117193	18.9902964424548
45	100	gibbs	8.309	-0.197029499952278	5.08143890105438	9.30733468646392	19.2775639642264
45	100	cavi	0.0300000000000011	-0.197286296995741	5.0811001987491	9.31448480086095	19.2799867222796
46	100	gibbs	8.391	0.0139635166904713	4.45097803931359	8.87822879074008	19.148604143845
46	100	cavi	0.0310000000000006	0.014374865118818	4.46573733355116	8.88954816829117	19.1489039186564
47	100	gibbs	8.278	0.163651913689322	4.81344671004816	9.49874364969827	19.59548794042
47	100	cavi	0.0299999999999994	0.157344703131465	4.81122095047971	9.50254882367083	19.597417782142
48	100	gibbs	8.3	-0.195668254982008	4.55161963514655	9.6510211764451	19.3648606440735
48	100	cavi	0.032	-0.200138296092338	4.5439310503882	9.65542731751033	19.3646614828987
49	100	gibbs	8.296	0.255830860971306	4.84262627998156	9.6434133619239	19.2955586959479
49	100	cavi	0.0300000000000011	0.254140311794736	4.84351861906118	9.64189315557519	19.2931282138772
50	100	gibbs	8.219	-0.217755137239287	5.05571727723596	9.8162985170564	19.6683777287533
50	100	cavi	0.0310000000000006	-0.214383323703567	5.06261467222465	9.82207278379436	19.6684859464594
51	100	gibbs	8.245	-0.113983155680616	4.68535032507676	9.40155196770976	18.9609012786361
51	100	cavi	0.0309999999999988	-0.113082028164458	4.69651488762755	9.41040269272022	18.9619019785787
52	100	gibbs	8.232	0.102612531750116	4.77812496567345	10.0490551714089	19.1600366121435
52	100	cavi	0.0300000000000011	0.101187477051311	4.77485688857959	10.0476621174532	19.1519970416838
53	100	gibbs	8.256	0.034043060422438	5.03085434578246	9.62916139867196	18.8645549194907
53	100	cavi	0.0310000000000006	0.0359054842772922	5.03577323808617	9.63101857133918	18.8708196135578
54	100	gibbs	8.338	-0.106017158293996	4.68035701077423	9.76200313363231	19.6359606228219
54	100	cavi	0.032	-0.100458102851433	4.68141469462137	9.76410629615606	19.6356983914117
55	100	gibbs	8.388	-0.306945765385773	4.75770367564744	9.707497365477	19.2447462632517
55	100	cavi	0.032	-0.301711800591144	4.76045002992162	9.70992884503774	19.242411119425
56	100	gibbs	8.36	0.0553366452807322	4.72509669540861	9.70347922062284	19.2233037367845
56	100	cavi	0.0299999999999994	0.0577990236485925	4.72788132227959	9.70291082181878	19.222543270115
57	100	gibbs	8.308	-0.0468641683952331	4.95896284465497	9.60547222727328	19.1080006003935
57	100	cavi	0.0299999999999994	-0.0476295380146148	4.96276933126038	9.60982062833367	19.1090784301993
58	100	gibbs	8.337	0.0927128623911945	4.68391328223324	9.78370199823871	19.5643057572517
58	100	cavi	0.0299999999999994	0.0942276670386328	4.68155345465924	9.78504716669434	19.5653279327202
59	100	gibbs	8.347	-0.326527350746928	4.5682966722253	9.49787655485552	19.4391617744838
59	100	cavi	0.032	-0.323965622151703	4.57283073472557	9.4980329460946	19.4388777106819
60	100	gibbs	8.345	0.0174501976970316	4.59692432568965	9.4024118252424	18.669247826006
60	100	cavi	0.0310000000000006	0.0188071818348604	4.60257537833674	9.39967197417344	18.6695839440612
61	100	gibbs	8.364	-0.057455793142706	4.70774729908209	9.49095523558676	19.2303884071575
61	100	cavi	0.0300000000000011	-0.0554755852065008	4.70460114341665	9.49068665570816	19.2295515785103
62	100	gibbs	8.34	0.0178163220227807	4.77050203484578	9.59632298412063	19.3503428065255
62	100	cavi	0.0299999999999994	0.0173696637466082	4.77393841274231	9.59977160079087	19.3487237317503
63	100	gibbs	8.348	-0.180249165174673	4.74185204365157	9.68443419215811	19.5599161160128
63	100	cavi	0.0309999999999988	-0.178082382017832	4.74425979828754	9.68450082723105	19.5588229303179
64	100	gibbs	8.12	-0.0986299187564438	5.0066262979428	9.83433358213781	18.8547833039678
64	100	cavi	0.0300000000000011	-0.0958336749310073	5.00424902233858	9.83379870320398	18.8511563244867
65	100	gibbs	8.388	-0.539595116397101	4.77297774712299	9.87013068941465	19.4941519570396
65	100	cavi	0.0299999999999994	-0.544712890265288	4.76904439344519	9.8731627310101	19.4924370357521
66	100	gibbs	8.117	-0.27209978079811	4.60819319606878	9.96049692310849	19.4467612129508
66	100	cavi	0.0300000000000011	-0.273915244100488	4.60662767897102	9.96330970109925	19.4456961292044
67	100	gibbs	8.331	-0.398601067414196	4.41441467070896	9.67072884995478	18.980831214427
67	100	cavi	0.0299999999999994	-0.39823259727675	4.41847956757453	9.67141015781453	18.9776923495535
68	100	gibbs	8.327	0.182650445124176	4.63394349712457	9.5140141099796	19.0192801362935
68	100	cavi	0.032	0.187207042039975	4.63202559618375	9.50892228123772	19.0195881028805
69	100	gibbs	8.362	-0.0580004824627476	4.73293217817573	9.28932428896675	19.2263683620351
69	100	cavi	0.0299999999999994	-0.06023511201615	4.73677999915772	9.2926071388618	19.2268350529886
70	100	gibbs	8.338	0.10796073782634	4.769969318081	9.76785658077337	19.2828249890322
70	100	cavi	0.0310000000000006	0.111925535950883	4.7751018818606	9.77250174462742	19.2826212582936
71	100	gibbs	8.354	0.224314069969033	4.62499608803734	9.63382468522076	19.5374290733794
71	100	cavi	0.0310000000000006	0.226207393123104	4.64158172153316	9.64556106788409	19.5382784329342
72	100	gibbs	8.309	0.142523356153151	4.60793071112464	9.74425515248315	19.4685485190419
72	100	cavi	0.0299999999999994	0.146956386875666	4.61817918436579	9.74663689350926	19.4719175894306
73	100	gibbs	8.315	0.0747125536387958	4.42374091727195	9.95233727966052	19.3341714337759
73	100	cavi	0.0299999999999994	0.071699769368434	4.43062404789168	9.95415682839763	19.3366039698472
74	100	gibbs	8.065	0.34843021414445	4.50807944817277	9.1651610528946	19.4194453634211
74	100	cavi	0.0310000000000006	0.349415107000302	4.51288296147328	9.16566399955458	19.4201662869365
75	100	gibbs	8.107	0.186693312200618	4.92766893984654	9.25081299068391	19.4131927478411
75	100	cavi	0.0309999999999988	0.186808738596041	4.93420766359989	9.25650244007399	19.4116194493743
76	100	gibbs	8.309	0.325845241993061	5.06865729113701	9.60855586581409	19.446465178658
76	100	cavi	0.0309999999999988	0.316797327653988	5.06999844228484	9.6097539352538	19.4487111057929
77	100	gibbs	8.291	0.137846992664421	4.96363169502504	9.52467072512314	18.6585072134073
77	100	cavi	0.0300000000000011	0.140148821201249	4.97265791878302	9.52762236386709	18.6531846582605
78	100	gibbs	8.125	0.053592615836149	4.86523968904877	9.58322212391041	18.8429295432012
78	100	cavi	0.0310000000000006	0.052378098263257	4.87028660039941	9.58207992430478	18.8384374024189
79	100	gibbs	8.275	0.217611945835115	4.55876960567835	9.1265843850763	19.4029194546202
79	100	cavi	0.032	0.220177441602673	4.56142670519849	9.12492115411008	19.4037332710903
80	100	gibbs	8.296	0.171176207420472	4.66017258708873	9.47281127979456	19.2007728975211
80	100	cavi	0.0299999999999994	0.174026557060402	4.66188346026216	9.47250884314797	19.2021238628161
81	100	gibbs	8.385	-0.237894381913074	4.8274264960777	9.57440805051435	19.3023423827319
81	100	cavi	0.0310000000000006	-0.238753672233057	4.8297595974671	9.57885998624145	19.3016991373597
82	100	gibbs	8.322	-0.0420906009107244	4.88194915253588	9.76622320736407	19.5736445046415
82	100	cavi	0.0289999999999999	-0.0427991311222204	4.88500295404872	9.76306628691414	19.5747317645013
83	100	gibbs	8.332	0.0458731653419606	4.76472002942685	9.75737630591878	18.5593507883487
83	100	cavi	0.0310000000000006	0.0467136401676083	4.76815125882312	9.75262454511059	18.5561879608123
84	100	gibbs	8.328	0.178638819191819	4.85301686294704	9.87773803288866	19.3411748288054
84	100	cavi	0.0299999999999994	0.178773819302127	4.85926877914047	9.88187918369098	19.3388695821745
85	100	gibbs	8.328	-0.145950052144024	4.87230589113494	9.73322406328759	18.9220919547349
85	100	cavi	0.0289999999999999	-0.150394675987354	4.87393193277983	9.73784483502198	18.9208523013063
86	100	gibbs	7.898	-0.198499821791941	4.95463817353279	9.51907844207394	19.0785649776087
86	100	cavi	0.0289999999999999	-0.203986542215999	4.95616841421683	9.51949487468548	19.0763079440459
87	100	gibbs	7.891	-0.243898972660839	4.71364056983567	9.78261797505922	19.2686073901154
87	100	cavi	0.0289999999999999	-0.245660024506404	4.71507595949954	9.78040570334118	19.2692410798957
88	100	gibbs	7.885	-0.13171457827096	4.5183949821452	9.2394494840323	19.2823309063292
88	100	cavi	0.0299999999999994	-0.130967504398499	4.53558578780537	9.24058523873028	19.2831499867887
89	100	gibbs	7.886	0.378304861930392	4.5750745557544	9.50167334257682	19.1402145356485
89	100	cavi	0.0310000000000006	0.377950636914052	4.58432869994876	9.51079895034417	19.145065582486
90	100	gibbs	7.891	-0.0384089348788428	5.06631373975625	9.83574359910762	19.3563754126193
90	100	cavi	0.0289999999999999	-0.035731191566509	5.06928556349331	9.84118041441823	19.3548879524831
91	100	gibbs	7.885	0.22418841241576	4.5174941931204	9.17513854061658	19.1664340376042
91	100	cavi	0.0289999999999999	0.226015257550635	4.52617513333876	9.1815774823152	19.1679269270044
92	100	gibbs	7.896	-0.0561609256091411	4.52382648360271	9.67433834321193	19.1424003618124
92	100	cavi	0.0299999999999994	-0.0538001332822171	4.53113883024152	9.68170356162524	19.1420431622018
93	100	gibbs	7.887	0.0207203471934497	4.67123537750185	9.39436081667909	18.9284256334824
93	100	cavi	0.0289999999999999	0.0192942500570621	4.67280917377748	9.40063082551785	18.9253597356171
94	100	gibbs	7.888	0.108386800726187	4.70841560279837	9.56989767417814	19.261017287071
94	100	cavi	0.0299999999999994	0.10716879207961	4.70509188407642	9.56780540811632	19.2584995828949
95	100	gibbs	8.044	0.288916777671903	4.53832717636293	9.75235868023578	19.302924289697
95	100	cavi	0.0280000000000005	0.289008086352832	4.54483833362593	9.7556445122103	19.3050407598158
96	100	gibbs	7.891	-0.239575384057494	4.68593409749216	9.55769571218945	19.5162552753661
96	100	cavi	0.0300000000000011	-0.238219295899533	4.69053395478951	9.55904383295989	19.5147631747201
97	100	gibbs	7.897	-0.124285229469384	4.53772425204194	9.52894970728379	19.2248277568666
97	100	cavi	0.0289999999999999	-0.123976014000222	4.53971017657352	9.53370989590879	19.2249665456115
98	100	gibbs	7.881	0.126181252524424	4.62601728303796	9.39690553331866	19.1370086719157
98	100	cavi	0.0289999999999999	0.121404833680381	4.62460366246681	9.40374963441199	19.1359653645139
99	100	gibbs	7.713	-0.100845552486814	4.69349437747766	9.42764637835258	19.2004559257615
99	100	cavi	0.0289999999999999	-0.0995328047774678	4.69654689046643	9.4334522619493	19.203475787348
100	100	gibbs	7.639	0.174900197362132	4.66108366906763	9.43658701324514	19.4293923523977
100	100	cavi	0.0310000000000006	0.176544153798036	4.66554858143899	9.44277615549991	19.4304185089628
101	100	gibbs	7.812	0.150930245006371	4.63371774692966	9.36070346339618	19.2836618507711
101	100	cavi	0.0310000000000006	0.148046974313241	4.63749915656435	9.36207622852143	19.2841854015354
102	100	gibbs	7.534	-0.232670146079342	4.96801386665188	9.73729836716	19.1328181715877
102	100	cavi	0.0309999999999997	-0.235496312255346	4.97120402908909	9.7385024769455	19.133153123357
103	100	gibbs	8.084	0.328301902043025	4.81580450607124	9.35638211770032	19.322215498883
103	100	cavi	0.0299999999999994	0.327819687040192	4.82211338484655	9.35699946603627	19.3236196629673
104	100	gibbs	8.085	0.0169642694497456	4.95968867632952	9.65084977664213	19.0890823623557
104	100	cavi	0.0310000000000006	0.0137023381209445	4.96129537514593	9.65205706414462	19.0912316542302
105	100	gibbs	8.072	0.202138586025233	5.06084028757432	9.3103219723371	19.5758058712575
105	100	cavi	0.032	0.204784028328148	5.06495349261385	9.31687273759159	19.5741680865783
106	100	gibbs	8.037	0.120499746798718	4.94165607790527	9.48257206695007	18.8523628173785
106	100	cavi	0.0310000000000006	0.121851188590175	4.94629741723647	9.48402938974371	18.8506632014371
107	100	gibbs	8.052	-0.0292092122785385	4.65739790051194	9.65034048924152	19.1376897961672
107	100	cavi	0.0299999999999994	-0.0277909167650025	4.65712821317549	9.65451000320958	19.1392843423509
108	100	gibbs	8.024	-0.090801730717424	4.62929741644665	9.44766481685832	19.4213580785358
108	100	cavi	0.0310000000000006	-0.086207746427515	4.63418105283936	9.45177207535231	19.4253279478929
109	100	gibbs	8.041	0.0889284437246991	4.606971478296	9.82355133857944	18.8472573941361
109	100	cavi	0.0309999999999988	0.0871589964510091	4.6063778619882	9.8278697928859	18.8471346996462
110	100	gibbs	7.782	0.260619030041267	4.7669856329066	9.6263593674185	18.9868785976278
110	100	cavi	0.0300000000000011	0.265949770616163	4.7708635074446	9.61940606359903	18.9837741081732
111	100	gibbs	7.931	-0.104780886698898	4.68648128938597	9.97535062673372	19.1377156581182
111	100	cavi	0.0299999999999994	-0.107175750392661	4.68747155824199	9.97775435242252	19.1352778030713
112	100	gibbs	7.893	-0.179453241842706	4.44897627699349	9.55431804029305	19.1080619099491
112	100	cavi	0.0299999999999994	-0.178207128948966	4.4496361122974	9.5520692835443	19.1103122006096
113	100	gibbs	7.971	-0.0606176035635302	4.76663048532972	9.90721831545891	18.5874025459638
113	100	cavi	0.0300000000000011	-0.0645021494044134	4.77372853529356	9.91328883852733	18.5870661992789
114	100	gibbs	8.083	-0.034042036813525	5.00254035365562	9.68736589848595	19.3511139207267
114	100	cavi	0.0299999999999994	-0.033318506718868	5.01019027040994	9.69089331904526	19.3527031274871
115	100	gibbs	8.058	-0.12537555142857	4.72700333557462	9.31378769717398	19.6643741943714
115	100	cavi	0.0310000000000006	-0.128596598847925	4.72402305879546	9.31771807212878	19.6656233689579
116	100	gibbs	8.057	0.203379203306073	4.83628470852303	9.24385732824298	19.4605616372618
116	100	cavi	0.0300000000000011	0.200830052847877	4.84220691036623	9.24783714433009	19.4606499290981
117	100	gibbs	8.054	-0.124035706902811	4.62999311043592	10.0054872459616	19.0699563498873
117	100	cavi	0.0299999999999994	-0.123868400370487	4.63335572706948	10.003788186275	19.0709525342358
118	100	gibbs	8.098	0.117097596349624	4.56599864013953	9.53783595403311	19.1500370152736
118	100	cavi	0.0280000000000005	0.118593665918138	4.56835349553102	9.54334915578695	19.1474601006576
119	100	gibbs	8.047	-0.00512436800284214	4.69629571869921	9.41439163183712	19.0109554453444
119	100	cavi	0.0289999999999999	-0.00190265380984015	4.69685956580209	9.41346376026306	19.0089508323759
120	100	gibbs	8.07	0.0550270104573316	4.81884480887022	9.60528883678833	19.1536675267822
120	100	cavi	0.0289999999999999	0.0585070095072085	4.83290003506849	9.61323233067367	19.1540831370742
121	100	gibbs	8.059	-0.100593518213968	4.74727481235468	9.87227497876319	19.2224743607633
121	100	cavi	0.0289999999999999	-0.104866773543299	4.73832452664186	9.86219669113657	19.2181196813442
122	100	gibbs	8.045	0.0257993840541464	4.89879953133289	9.3387362962035	19.0019350278197
122	100	cavi	0.0299999999999994	0.0296223226113616	4.91029102502219	9.34238779654123	19.0043388680607
123	100	gibbs	8.035	0.0924919035844266	4.47801122552954	9.81760930502507	19.4020739189202
123	100	cavi	0.0289999999999999	0.091211649579867	4.48035578545855	9.8191635747264	19.4029140531322
124	100	gibbs	8.062	-0.0850213224742292	5.0266812321671	9.58081799901001	19.1732234623153
124	100	cavi	0.0290000000000017	-0.0858308890943349	5.028895165647	9.58219745597341	19.1761318605969
125	100	gibbs	8.023	-0.214948453631824	4.60943359708507	9.75728765706416	19.0567910852516
125	100	cavi	0.0280000000000005	-0.22150959399832	4.60739567190175	9.75493737554848	19.050888021396
126	100	gibbs	8.242	0.293086268553946	4.8755881054681	9.71393670789411	19.3372335056393
126	100	cavi	0.0309999999999988	0.293735329925219	4.8773533347393	9.71025316701786	19.331938482209
127	100	gibbs	8.246	-0.258889562883044	4.87743044118312	9.7834986004743	19.5140341854764
127	100	cavi	0.0299999999999994	-0.256655146308984	4.87765984943021	9.78336553969321	19.5135230611951
128	100	gibbs	8.233	-0.171570930267252	4.74720498751922	9.66795645536848	19.2174397473771
128	100	cavi	0.0310000000000006	-0.166050073312286	4.7539578594629	9.67187043957403	19.2126681935301
129	100	gibbs	8.223	-0.277138507349713	4.51025020458724	9.7977808704199	19.071466122848
129	100	cavi	0.0300000000000011	-0.270807518871705	4.51573152876028	9.80069631503492	19.0722231878186
130	100	gibbs	8.207	-0.27016695229795	4.99266526834694	9.48487919879411	18.9858023456738
130	100	cavi	0.0299999999999994	-0.270027349032868	4.99553061084527	9.48946016762136	18.9881400633201
131	100	gibbs	8.236	0.305756870439959	4.77538764151303	9.53726780218822	19.6001284735218
131	100	cavi	0.0310000000000006	0.304082487287293	4.78122679014078	9.53941630756813	19.60019231233
132	100	gibbs	8.184	-0.0616168601780006	4.88118168786269	9.74503155438977	19.1293128611628
132	100	cavi	0.0300000000000011	-0.0603783650700371	4.88997854832352	9.7499515157244	19.129423410203
133	100	gibbs	8.185	-0.0548584729941116	4.81941613482998	9.60747566115206	18.7839111631966
133	100	cavi	0.0300000000000011	-0.0519189525502445	4.82652932432241	9.61025521888472	18.7781200718375
134	100	gibbs	8.189	0.156496167814427	5.20130043625803	9.43344403577715	18.9266638497675
134	100	cavi	0.0380000000000003	0.15670846136393	5.21071315269177	9.43553739837574	18.9249855715651
135	100	gibbs	8.178	0.150708562028723	4.80653920730607	9.26410064655717	18.9277184775393
135	100	cavi	0.0300000000000011	0.153029111489403	4.81143278588941	9.26784099386155	18.9282648562725
136	100	gibbs	8.17	-0.135352665838592	4.77266184749234	9.53933620362836	19.2821961396447
136	100	cavi	0.0300000000000011	-0.135082775090063	4.78159795789774	9.54201968785518	19.2837612036245
137	100	gibbs	8.196	-0.0893196625721053	4.7097026078055	9.09168647389044	19.0688397617426
137	100	cavi	0.0310000000000006	-0.0871779115332736	4.70971383512277	9.08950883880128	19.0689959736745
138	100	gibbs	8.151	0.0225205876897654	5.17050470222009	9.18547333599612	19.0691962300022
138	100	cavi	0.0309999999999988	0.0241092883942921	5.17491800103002	9.19035564019895	19.070192651678
139	100	gibbs	8.143	0.17762571450622	4.89386800882191	9.7380246903286	19.1028356475714
139	100	cavi	0.0310000000000006	0.173779424336576	4.90182898201214	9.74187020086909	19.1049711774653
140	100	gibbs	8.323	-0.017010438569097	4.88922398729314	8.97783316844579	19.5312299212191
140	100	cavi	0.032	-0.0171037297858457	4.90619080065093	8.98581470347185	19.5325388262873
141	100	gibbs	8.367	-0.158006020669627	4.28082932938477	9.77805655533733	19.1248709765933
141	100	cavi	0.0310000000000006	-0.151658481796172	4.28231339391577	9.78057928181128	19.121346750636
142	100	gibbs	8.329	-0.25383765313223	4.89854555366058	9.20962805183736	18.8636161832771
142	100	cavi	0.0309999999999988	-0.253305971339942	4.90290026877635	9.21934689748099	18.8637852925645
143	100	gibbs	8.233	-0.0516436139230119	4.67687334977845	10.0518715117412	19.2203587368746
143	100	cavi	0.0310000000000006	-0.0554770785271615	4.67516728697238	10.0442188903242	19.2197364587691
144	100	gibbs	8.315	0.0826148282909575	4.81499075116294	9.36239743134606	19.5315251108313
144	100	cavi	0.0299999999999994	0.0904562053996704	4.82738790272947	9.36849269518902	19.5309058903773
145	100	gibbs	8.305	0.0911009292006552	4.92452080592821	9.42015854999794	18.7809468191399
145	100	cavi	0.032	0.0935116384286024	4.92919383445017	9.42189759908397	18.7818652419309
146	100	gibbs	8.335	-0.19050655144447	4.57009911489291	9.56480893521602	19.21683319926
146	100	cavi	0.0300000000000011	-0.187641312652853	4.57173595306115	9.57007298141349	19.2149772259637
147	100	gibbs	8.424	0.0444873870832609	4.75646612538722	9.7319023681303	19.2529382338902
147	100	cavi	0.0310000000000006	0.0552960917320395	4.76623161528545	9.73343111990015	19.25301511262
148	100	gibbs	8.315	0.0894767945801639	4.48525984420697	9.75207801302508	19.3972867207962
148	100	cavi	0.0300000000000011	0.0898609243703499	4.48537643010487	9.75520477707702	19.3969500338787
149	100	gibbs	8.308	0.0387789158343487	5.04431997293743	9.03035534940242	19.4403893284853
149	100	cavi	0.0310000000000006	0.0376618480526781	5.04762323292768	9.03371379182749	19.437185219931
150	100	gibbs	8.376	0.0963586820240318	4.82954900324923	9.6984254304405	18.9370833935675
150	100	cavi	0.0289999999999999	0.103124355681898	4.83394365764257	9.69770962717075	18.9362271562815
151	100	gibbs	8.24	0.214836927224432	5.12954704856245	9.13229569169143	19.2659131334634
151	100	cavi	0.0310000000000006	0.215391229003888	5.13145194171039	9.1390849507784	19.2683368080066
152	100	gibbs	8.297	0.211561127325149	4.73100263570146	9.2771502779675	19.3485782391625
152	100	cavi	0.0300000000000011	0.209998992921074	4.72847150612452	9.2762664407308	19.3494403375933
153	100	gibbs	8.299	0.0528373401062885	4.89877070052998	10.0210448103044	18.7978920915281
153	100	cavi	0.0280000000000005	0.0525959395707173	4.89983701724058	10.0206048248065	18.7973757219224
154	100	gibbs	8.346	0.0250809744222634	4.70055777115743	9.55504389672378	19.283177023636
154	100	cavi	0.0310000000000006	0.0180137505710842	4.703889475414	9.55253326082352	19.2810767367548
155	100	gibbs	8.346	-0.189227740241765	4.85647710110711	9.1978006529107	19.5543494860654
155	100	cavi	0.032	-0.188372239803219	4.85859636273641	9.20224353662072	19.5569269616566
156	100	gibbs	8.31	-0.464365762816297	4.68467678027138	9.57510706707096	19.1473956550817
156	100	cavi	0.032	-0.462400291164115	4.69756876558307	9.57428794159232	19.1464046833481
157	100	gibbs	8.333	0.00940291260932023	4.7192608104272	9.62367654211127	19.3813487114367
157	100	cavi	0.0310000000000006	0.0143495950122835	4.72402884470867	9.62195876416975	19.3795037747632
158	100	gibbs	8.337	0.0422122152339069	4.76689467721191	9.76835872026598	18.5944314247498
158	100	cavi	0.0299999999999994	0.0429341030462991	4.76621264303578	9.76930810480478	18.5911543001659
159	100	gibbs	8.337	0.233229502297917	4.93390068550723	9.35510053195522	19.3311851031956
159	100	cavi	0.0309999999999988	0.243358010426315	4.96152719644582	9.37470769917834	19.327919009306
160	100	gibbs	8.315	0.263104029949706	4.60023870501475	9.61279833761445	18.9725554350478
160	100	cavi	0.0310000000000006	0.266912420682435	4.60814784135622	9.61280729260013	18.9725114012583
161	100	gibbs	8.301	0.0937669754645717	5.00367888047441	9.86132569544184	19.3213716958735
161	100	cavi	0.0289999999999999	0.0972995884466	5.01064391207865	9.86831932959618	19.3199475200011
162	100	gibbs	8.299	-0.182146094693504	4.91645475080435	9.68168273769578	19.3109629438642
162	100	cavi	0.0299999999999994	-0.183686064786109	4.92257907049667	9.6846728293379	19.3117710809977
163	100	gibbs	8.369	0.199535856692764	4.70452027662174	9.56207812878496	19.1176565395529
163	100	cavi	0.0299999999999994	0.202993941928396	4.70073444498753	9.55819935653889	19.1168996642138
164	100	gibbs	8.315	-0.468177155851901	4.84843172285885	9.59937891416489	19.1793484963669
164	100	cavi	0.0300000000000011	-0.466905186836586	4.85487271721788	9.60138911541583	19.1765586980454
165	100	gibbs	8.323	0.148604228054134	4.43814780248411	9.52140132337815	19.1975185684519
165	100	cavi	0.0329999999999995	0.151726990927892	4.47732901131039	9.54230646252901	19.1972747001181
166	100	gibbs	8.336	-0.288028831854783	4.95737099416594	9.51477237360374	19.102236793358
166	100	cavi	0.0309999999999988	-0.284757574435006	4.962335610559	9.52473940554997	19.1048028502826
167	100	gibbs	8.434	0.0910500493708647	4.52819683553717	9.83238171211799	19.3154321452885
167	100	cavi	0.0289999999999999	0.0902796860016515	4.53085608637587	9.83476211010014	19.3178058342921
168	100	gibbs	12.087	-0.00961574016894533	4.46926599862856	9.62697514149431	19.1260379205149
168	100	cavi	0.0449999999999999	-0.00467893953909171	4.47652734511289	9.63237437572579	19.1222241628791
169	100	gibbs	11.991	-0.0772230103708594	4.38743279147493	9.83517760294762	19.0967375788192
169	100	cavi	0.0460000000000012	-0.069608866417515	4.38682767255597	9.83093681218817	19.0981371790043
170	100	gibbs	12.011	-0.0832079024728594	4.47091448753093	9.77446722308226	19.2257806066919
170	100	cavi	0.0459999999999994	-0.0819427038777576	4.47043174206916	9.7778619020271	19.2263640916589
171	100	gibbs	12.098	0.298669776709246	5.1293823795809	9.42319643339189	19.0939717045453
171	100	cavi	0.0439999999999987	0.296455522152132	5.1241447229035	9.42476840693249	19.096127897455
172	100	gibbs	12.046	0.0557396436431762	4.70559921131185	9.72809823997954	19.3042933296949
172	100	cavi	0.0439999999999987	0.0594806132929838	4.71040393549057	9.72636128382661	19.3041404040574
173	100	gibbs	12.056	0.0380794785573136	4.77495023156557	9.66807456017144	19.0990042999393
173	100	cavi	0.0449999999999999	0.0363164547157902	4.77174361363124	9.66557068921833	19.1027831601059
174	100	gibbs	11.998	-0.369837890110854	3.96277049352801	9.52148053674337	19.7168824026641
174	100	cavi	0.0470000000000006	-0.367418429782513	3.96618171659682	9.52045548552505	19.7184163060084
175	100	gibbs	12.05	0.245528997715497	4.8192661965947	9.83940940315044	19.4822743541327
175	100	cavi	0.043000000000001	0.241578962252259	4.82563905089234	9.84568668970761	19.4835780193987
176	100	gibbs	12.049	0.107215958360458	4.62265841167613	9.3638775280685	19.1894692331422
176	100	cavi	0.0439999999999987	0.102953189676516	4.62411164294089	9.36993488369436	19.188347675677
177	100	gibbs	12.033	0.0620295814632495	4.88828902359891	9.47675119321349	19.5355057076062
177	100	cavi	0.0439999999999987	0.0672481260686072	4.90091181449398	9.47746298336231	19.5336008115356
178	100	gibbs	12.056	-0.401482826275087	4.66551443539653	9.57236853439832	19.4508407450401
178	100	cavi	0.043000000000001	-0.39910061060043	4.65988571435392	9.57954278920541	19.4526922728232
179	100	gibbs	12.146	0.125406042519214	5.12488393176665	9.67761212482918	19.6180225583144
179	100	cavi	0.0440000000000005	0.130363197807355	5.13140619282945	9.67786545931899	19.6183771309295
180	100	gibbs	12.018	0.0768976878733471	5.00898197426555	9.70366596526816	19.0658413098367
180	100	cavi	0.0449999999999999	0.0765834011703622	5.01202427302433	9.70943828090518	19.0654542803279
181	100	gibbs	12.046	-0.25889021888537	4.87535805752901	9.46417914284247	19.2759469977383
181	100	cavi	0.0459999999999994	-0.26255274110286	4.8771693411634	9.46478027808783	19.2766010257622
182	100	gibbs	12.075	0.0921444505050654	4.66356732183996	9.97228872091037	19.1307520356468
182	100	cavi	0.0440000000000005	0.0969213960051999	4.67112347327533	9.97195582507604	19.1323354695177
183	100	gibbs	12.481	-0.135973563623557	4.64265563595897	9.54035482318923	19.1597675400446
183	100	cavi	0.0459999999999994	-0.131799388245799	4.64932591229437	9.54610639454808	19.1611740306679
184	100	gibbs	12.16	-0.12920973846075	4.70219830278647	9.62915393320735	19.4232099320799
184	100	cavi	0.0440000000000005	-0.126291335905701	4.70948244889087	9.63368884179972	19.4243898618912
185	100	gibbs	12.166	0.160650680790528	4.73794541435375	9.42956896660636	19.2072964039745
185	100	cavi	0.0449999999999999	0.158868111621857	4.74658683411956	9.43018029869125	19.2049438981601
186	100	gibbs	12.139	-0.0909102753529779	5.10920556909925	9.37171778681927	19.4406960241171
186	100	cavi	0.043000000000001	-0.0897232737167054	5.11185904559884	9.37529583409232	19.4439616463101
187	100	gibbs	12.169	-0.31212632485602	5.17060318946463	9.34137661113133	19.2746360398005
187	100	cavi	0.0459999999999994	-0.308137101859093	5.16745733965118	9.33061791671568	19.2770232431505
188	100	gibbs	12.133	-0.0256052776700527	4.84442933040514	9.74485384406947	19.1264697572808
188	100	cavi	0.0440000000000005	-0.0241050477756816	4.84708019923635	9.74596871268254	19.1252391090075
189	100	gibbs	12.158	-0.258722029328153	4.58365155876292	9.70025574102284	19.0251421875274
189	100	cavi	0.0440000000000005	-0.255750524222628	4.58174568773945	9.69963997282147	19.0287897759378
190	100	gibbs	12.196	-0.0926473215388004	4.71155414990816	9.74924809411753	19.206071600222
190	100	cavi	0.0439999999999987	-0.0850027800067321	4.73170591620661	9.75189348765151	19.2093065006647
191	100	gibbs	12.219	0.138650554153013	4.41307442004399	9.8634947128797	19.340595298201
191	100	cavi	0.0440000000000005	0.140971498381992	4.41133690815441	9.86185560923293	19.3394927494605
192	100	gibbs	12.115	-0.275184713351858	4.67292907268223	9.32153643283879	19.2663306097538
192	100	cavi	0.0449999999999999	-0.274309426672413	4.68202998664673	9.33189024390147	19.2652599781241
193	100	gibbs	12.134	-0.0121152556610044	4.74081624678572	9.55471394029441	18.9116082165238
193	100	cavi	0.0449999999999999	-0.0107954445576748	4.74439045212364	9.563477160205	18.9084054311603
194	100	gibbs	12.137	0.0860979400284295	4.55510226680559	9.30292107930485	19.1143449964352
194	100	cavi	0.0449999999999999	0.0827309589629407	4.55192340881975	9.2989797568872	19.1125837639936
195	100	gibbs	12.183	-0.106432823768139	4.61905609739312	9.47931423910681	19.1554846662455
195	100	cavi	0.0460000000000012	-0.110198113236962	4.6072739086516	9.47457998863722	19.1547643905541
196	100	gibbs	12.136	-0.116856672978245	4.93172971103126	9.43527363530729	19.1005741168402
196	100	cavi	0.0440000000000005	-0.119811634636879	4.93127812620694	9.43150916824391	19.1008413688038
197	100	gibbs	12.114	0.302970514056495	4.79994784789867	9.56109184605223	19.4052068799223
197	100	cavi	0.0459999999999994	0.297631570966995	4.79155324335714	9.56239117121802	19.4036117640577
198	100	gibbs	12.184	-0.0736035868607739	4.5493938431282	9.38102483840361	19.7105940778562
198	100	cavi	0.0449999999999999	-0.064139304492967	4.55613928760284	9.3843220260051	19.7088678542773
199	100	gibbs	8.087	-0.155670236171495	4.89981804931319	9.2451643383769	19.455890956053
199	100	cavi	0.0309999999999988	-0.15251009377398	4.90291779232489	9.24252889650304	19.4554354730372
200	100	gibbs	8.029	0.370630860022023	4.91537645568875	9.66438081805418	18.8285781357355
200	100	cavi	0.0310000000000006	0.368348435643162	4.91358618686759	9.66852865495831	18.8297515911664
201	100	gibbs	7.888	-0.221340938349133	4.88541469383129	9.49922203577725	19.3912593162708
201	100	cavi	0.0300000000000011	-0.220855276101827	4.89545074417895	9.51510695219316	19.3883021265539
202	100	gibbs	7.902	0.110958978647323	4.61127020728467	9.44812981357673	19.0790326200696
202	100	cavi	0.0310000000000006	0.117727405322443	4.61543407272999	9.44892766704125	19.0821761245238
203	100	gibbs	8.008	-0.0746607938341178	4.88733497449935	9.31821325583032	19.0294117735191
203	100	cavi	0.0299999999999994	-0.0764885039302947	4.88519481142406	9.31770062688573	19.0287238275447
204	100	gibbs	8.095	-0.0491583965290659	4.41684770384473	9.68541880396076	19.3525796631509
204	100	cavi	0.0310000000000006	-0.0421257674953047	4.42960255876395	9.6842395324372	19.3555006407873
205	100	gibbs	8.047	-0.131706441181678	4.67114555771164	9.63139559658713	19.0093160669277
205	100	cavi	0.0299999999999994	-0.135345963120192	4.67116318240589	9.62878187881127	19.0088485580097
206	100	gibbs	8.151	-0.141784434581409	4.85147840387808	9.80552200542124	19.3422334674096
206	100	cavi	0.032	-0.137774824882686	4.85086387186473	9.81229809050818	19.3364700740553
207	100	gibbs	8.168	0.124375055668805	4.68654373144622	9.28111502860287	19.3867736425943
207	100	cavi	0.0310000000000006	0.125641686247743	4.68720672446402	9.27962950331479	19.386664570544
208	100	gibbs	8.154	0.219651836770755	4.42269158746084	9.51175835885858	19.382768848512
208	100	cavi	0.0299999999999994	0.217059031965471	4.42473894926132	9.51353892167376	19.3805270934241
209	100	gibbs	8.123	-0.14907049574272	4.6363550531453	9.48463579028935	19.2963260600607
209	100	cavi	0.0299999999999994	-0.150184772635572	4.63278463778054	9.4863333845484	19.2953243842908
210	100	gibbs	7.918	-0.0438442133522679	4.49287635738297	9.41371860011611	19.2064142457277
210	100	cavi	0.0300000000000011	-0.0407719446915665	4.50787755739046	9.42201183188811	19.2079607630253
211	100	gibbs	8.07	-0.231930094930817	5.04708373882559	9.7165711792139	19.7481544630133
211	100	cavi	0.0300000000000011	-0.234214830516899	5.04869287913208	9.72160896817359	19.7486710483134
212	100	gibbs	8.058	-0.0353356448597487	4.95392120690254	9.52163509504674	19.0575857447729
212	100	cavi	0.032	-0.0183205700846265	4.9696021132378	9.52163918970148	19.0578761699687
213	100	gibbs	7.83	0.0466678645125982	4.92478109408552	9.50004107230697	19.2590960063193
213	100	cavi	0.0280000000000005	0.046600881951409	4.93331437107899	9.50304874166256	19.2583505935178
214	100	gibbs	8.158	-0.168496306699947	4.98883728951178	9.69924091185687	19.244939698175
214	100	cavi	0.0310000000000006	-0.171789912434497	4.99080868997107	9.70336511090299	19.2445326001718
215	100	gibbs	8.129	0.216665165791994	4.78738161768659	9.34564972562682	19.0036805294913
215	100	cavi	0.0299999999999994	0.218482473216389	4.79619891657404	9.34472155864279	19.0021018363693
216	100	gibbs	8.178	-0.108577055287446	4.76389761128999	9.43076790921112	19.0400458288156
216	100	cavi	0.0300000000000011	-0.104249482759166	4.76044769061963	9.43038946292808	19.0383051434433
217	100	gibbs	8.067	0.0792464542004425	4.1610478909403	9.33950494260355	18.9520502759139
217	100	cavi	0.0299999999999994	0.0836501373509923	4.16861465935719	9.34214939819648	18.9564235112966
218	100	gibbs	8.145	-0.00536029872947947	4.38319315551995	9.75450705163924	19.1558551504892
218	100	cavi	0.0310000000000006	0.0083825944654695	4.54207248037453	9.80409521410272	19.1561031686733
219	100	gibbs	8.102	-0.128903509966186	4.93380382712992	9.66711005197607	19.0828857714819
219	100	cavi	0.0289999999999999	-0.129816669780631	4.93476686727476	9.66558954676611	19.0820744101531
220	100	gibbs	8.131	0.0213829328465997	4.79549254710379	9.70757021861182	18.2188388635785
220	100	cavi	0.0300000000000011	0.0237623063721162	4.79791038050879	9.7062236161148	18.2162874368357
221	100	gibbs	8.122	-0.0235107054137202	4.88898518191177	9.46384939913654	19.2505294029249
221	100	cavi	0.0310000000000006	-0.0207464783113611	4.87481451712616	9.46323346606653	19.2525874706912
222	100	gibbs	8.129	-0.0325040341082752	4.41099865178282	9.41151687087932	19.5224894288135
222	100	cavi	0.0289999999999999	-0.0315591123521039	4.41192947187763	9.41221451528573	19.5214600958102
223	100	gibbs	8.107	0.0766556380787702	4.30538483332786	9.74130734346628	19.2852479831392
223	100	cavi	0.0309999999999988	0.0736134966091566	4.30787694083306	9.74226709654455	19.2870157575372
224	100	gibbs	8.111	-0.220690442928696	4.42636301296047	9.41483129617155	19.541566083639
224	100	cavi	0.0299999999999994	-0.217736604761853	4.43094763483818	9.41514924900115	19.543548515479
225	100	gibbs	8.045	0.122500589027244	4.41125993512581	9.37149186353468	19.3779663116141
225	100	cavi	0.0309999999999988	0.128298240401613	4.41250655292983	9.37392004924691	19.3786399227463
226	100	gibbs	8.347	-0.0166371932301859	4.5534909080703	9.09523371412666	19.1766849231668
226	100	cavi	0.0299999999999994	-0.0149376023891133	4.5583927141534	9.10458926463885	19.1775914177338
227	100	gibbs	8.34	-0.145971976441285	4.89526215491948	9.66016380013287	19.3955673018702
227	100	cavi	0.0310000000000006	-0.14559376922014	4.89996606601656	9.66285199855949	19.3980510253192
228	100	gibbs	8.264	-0.212895539781378	5.11972501818728	9.89709595535398	19.1603408602718
228	100	cavi	0.0289999999999999	-0.215503670725848	5.11824658374905	9.89611691773478	19.1594580983578
229	100	gibbs	8.354	0.160394304970772	4.3788158721309	9.56670217048549	19.0902041967481
229	100	cavi	0.0299999999999994	0.162720194669819	4.39234029406242	9.57113911955385	19.0895597779387
230	100	gibbs	8.271	0.169634661936474	4.78910474089771	9.49459536062993	18.8398145449072
230	100	cavi	0.0310000000000006	0.172179195030657	4.7853826816939	9.49515358364074	18.8408984299969
231	100	gibbs	8.23	-0.0586265221816952	4.88380934579951	9.74329444485371	19.1345145541977
231	100	cavi	0.0299999999999994	-0.0562112641484877	4.87882933063113	9.73981472501345	19.1366889212049
232	100	gibbs	7.978	0.332169214037123	4.99329558931951	9.71114120855545	19.2578114807573
232	100	cavi	0.0299999999999994	0.342132060795263	4.99310213577367	9.71205089515476	19.2576819547278
233	100	gibbs	8.303	-0.152747195145017	4.7274193278354	9.57403470100463	19.3029791016889
233	100	cavi	0.0299999999999994	-0.154592056154357	4.72924224599452	9.57966507933526	19.3011395254001
234	100	gibbs	8.296	-0.328927087949734	4.62834900303947	9.72748577658377	18.975656862954
234	100	cavi	0.0310000000000006	-0.326774855502421	4.63415860518614	9.72806943543326	18.9744087005945
235	100	gibbs	8.304	-0.111180973881389	4.76656860008425	9.90901176887673	19.3105962536638
235	100	cavi	0.0299999999999994	-0.109044558903444	4.76374945765171	9.90804573609436	19.3103496685564
236	100	gibbs	8.277	0.368854325306983	4.77252246753936	9.54044561836139	19.0342905526985
236	100	cavi	0.0309999999999988	0.368409053732402	4.77447433502992	9.54031510274583	19.0329885687609
237	100	gibbs	8.264	-0.0568693635927494	4.66409077772713	9.99205615498084	19.0719719885039
237	100	cavi	0.0310000000000006	-0.0482130634246901	4.66813962306114	9.98682409726681	19.0741637288296
238	100	gibbs	8.263	0.120253787032661	4.75983333216984	9.60386158025428	19.1362298024903
238	100	cavi	0.0310000000000006	0.114938540479685	4.76414561289919	9.61227929269141	19.1420818780446
239	100	gibbs	8.24	-0.0887226059673219	4.62257241184998	9.66100335001089	19.0485130302469
239	100	cavi	0.032	-0.0875899051617739	4.62607331582668	9.65719876848769	19.0487086124774
240	100	gibbs	8.248	0.161733539975829	5.26274636841135	9.47835494361695	19.2215752460886
240	100	cavi	0.0309999999999988	0.163170158981909	5.26410186526359	9.48445894294737	19.2192321678958
241	100	gibbs	8.368	-0.107864439400769	4.67334489058032	9.69884476070422	19.4911391646035
241	100	cavi	0.0310000000000006	-0.103239797349381	4.67435297777679	9.69482515408349	19.4886639062267
242	100	gibbs	8.354	-0.00899144813771673	4.61940819807476	9.47660421015921	19.1168122479792
242	100	cavi	0.0300000000000011	-0.00684480287358942	4.62731502012344	9.47976241796322	19.1189144677753
243	100	gibbs	8.253	-0.445504371867584	4.528348483891	9.42422931186947	19.5417064284212
243	100	cavi	0.0309999999999988	-0.440469097760889	4.52232630325397	9.42116610423295	19.5426105280767
244	100	gibbs	8.317	0.000134919317036126	4.84261732541362	8.99510174173551	19.0789980382906
244	100	cavi	0.0300000000000011	-0.000550426077413122	4.84063177319553	9.00178848919914	19.077761595035
245	100	gibbs	8.355	-0.129051045285901	4.58775617137257	9.58615503852775	19.3984512968516
245	100	cavi	0.0299999999999994	-0.131111105017076	4.58318350413887	9.58878821071771	19.4024835997217
246	100	gibbs	8.317	-0.18369181523784	4.81747085235872	9.4289402273847	19.2207335862695
246	100	cavi	0.0299999999999994	-0.186735282634256	4.8157052881457	9.43181036777055	19.2228075354817
247	100	gibbs	8.341	0.0258015903186895	5.04030928236634	9.67640690678	19.0623689005639
247	100	cavi	0.0289999999999999	0.0268600835490889	5.03825255501244	9.68314096216552	19.06394598732
248	100	gibbs	8.023	-0.140435753371243	4.88136443174562	9.67870279540404	18.6871102086209
248	100	cavi	0.0300000000000011	-0.139294568889925	4.88891877948111	9.67829351361463	18.6861394188447
249	100	gibbs	8.319	-0.0339708057465718	4.77239625648265	9.76339066574571	19.4160392291464
249	100	cavi	0.0310000000000006	-0.0349727698540781	4.7756092766499	9.77002388000114	19.4147640034787
250	100	gibbs	8.329	0.262158241531383	4.85403163444379	9.5025994770986	19.1349553897751
250	100	cavi	0.0309999999999988	0.269467760957505	4.86109614375771	9.50230805164665	19.1362231943258
251	100	gibbs	8.348	0.052913021733987	4.7590270172361	9.03167614022093	19.0329041144702
251	100	cavi	0.0299999999999994	0.0544519612436348	4.76233369634333	9.03944256953539	19.0336546390658
252	100	gibbs	8.339	-0.311734223401541	4.65843384367416	9.22764551181552	19.0413546800949
252	100	cavi	0.0300000000000011	-0.310221422164105	4.66344016059074	9.23245032643801	19.0380485752126
253	100	gibbs	8.297	-0.0255396701821515	4.67993989377337	9.70750722271019	19.4647011769943
253	100	cavi	0.0299999999999994	-0.0204491934127897	4.68651687346191	9.70663843774811	19.4660526395346
254	100	gibbs	8.253	0.260605785850552	4.85040690474362	9.42905764178682	19.1852803065304
254	100	cavi	0.0309999999999988	0.25701326450884	4.84617309625985	9.43345551369568	19.1880220932674
255	100	gibbs	8.279	-0.362826736255467	4.70531274297897	9.67587782892556	19.3125231870402
255	100	cavi	0.0310000000000006	-0.369436936583484	4.69524499407665	9.67659173375039	19.3140014911645
256	100	gibbs	8.289	0.1114210900269	4.58951042435261	9.47195727813923	19.3549995010792
256	100	cavi	0.0299999999999994	0.118702628030525	4.59599995780333	9.47503513242076	19.3536151601235
257	100	gibbs	8.284	-0.110908972007895	4.64893030956276	9.46525541287621	18.7647695409165
257	100	cavi	0.0289999999999999	-0.112085805703979	4.65107331668577	9.46488455567684	18.7612888854787
258	100	gibbs	8.295	-0.0499374249089651	4.58593985674584	9.56768727959565	19.0900099205927
258	100	cavi	0.0299999999999994	-0.0479754392126115	4.58577192477149	9.57069569463242	19.0931651758736
259	100	gibbs	8.302	-0.0507058390959952	5.03865428911175	9.74268603513763	18.4136931449221
259	100	cavi	0.0289999999999999	-0.0529440824282986	5.0482787744123	9.74945903696642	18.4130173997795
260	100	gibbs	8.263	-0.0372109882313412	4.5073690117169	9.14944619289717	18.8651545108921
260	100	cavi	0.032	-0.0358402112553557	4.50826481500796	9.14500140447856	18.8647518337544
261	100	gibbs	8.258	-0.132497303365014	4.33750845157238	9.41973741109332	18.8403629356447
261	100	cavi	0.0310000000000006	-0.130198965708596	4.3523101514055	9.43381029005658	18.8429858141332
262	100	gibbs	8.208	-0.225420207336372	4.85934953341804	9.62073344945165	18.952923639038
262	100	cavi	0.0299999999999994	-0.213113177469232	4.86242066714862	9.62054086488605	18.9526633988182
263	100	gibbs	8.343	-0.000656703850637064	4.68640313946798	9.57974318032874	19.4267669366842
263	100	cavi	0.0299999999999994	-0.003158033942321	4.69267014719855	9.58589885969021	19.4232212913639
264	100	gibbs	8.259	0.111700411115269	5.06825642772378	9.04155210847543	19.2406519555657
264	100	cavi	0.0299999999999994	0.113021493768108	5.07455351677174	9.05211536675103	19.2365329987523
265	100	gibbs	8.307	-0.164669371047009	4.88756612125355	9.6513404108774	18.8443215507555
265	100	cavi	0.032	-0.161360608035344	4.90379124786332	9.65936940166026	18.8437582052442
266	100	gibbs	8.174	-0.0418740758147309	4.6151539738478	9.3236334955884	19.0242167700697
266	100	cavi	0.0309999999999988	-0.0424748032591237	4.61801311565836	9.32538953467169	19.0194749115075
267	100	gibbs	8.309	-0.306438517865802	4.60397215628091	9.47730993675613	19.2168076911484
267	100	cavi	0.0299999999999994	-0.309455484964017	4.60715351246444	9.47766626635726	19.2183902792049
268	100	gibbs	7.991	-0.207370923022313	4.89034490597174	9.9189085316672	18.9411822472836
268	100	cavi	0.0239999999999991	-0.206869344851707	4.8914863840653	9.91894524013675	18.9429649307055
269	100	gibbs	7.971	0.0322631837627154	4.69881308963967	9.64498098458085	19.363072142712
269	100	cavi	0.0249999999999986	0.03577898599423	4.70822817319056	9.64805405003025	19.359080337203
270	100	gibbs	12.053	0.0615578600960005	4.60739055540674	9.53315834294225	19.2692525963637
270	100	cavi	0.0460000000000012	0.0610574312012219	4.60673670367531	9.52739820423758	19.2652730048072
271	100	gibbs	12.009	0.0668711187300244	5.09031940407143	9.43138107678815	19.396691816861
271	100	cavi	0.0449999999999999	0.0670626283260422	5.09389543358397	9.43860748436772	19.3958369590893
272	100	gibbs	11.941	0.291327076118099	4.58380666339592	9.1038120406228	19.3434568580683
272	100	cavi	0.0469999999999988	0.289067857876811	4.59254888390668	9.10812385023201	19.33667803985
273	100	gibbs	12.038	-0.145697800284662	4.60503986156719	9.48742677825667	19.2232359208706
273	100	cavi	0.0449999999999999	-0.14515030074976	4.60123047074879	9.48403851311802	19.2197335464039
274	100	gibbs	12.048	0.264681851921505	4.27304004997619	9.59608424357864	19.2977043542559
274	100	cavi	0.0459999999999994	0.265717629331677	4.26996016144999	9.5918902184164	19.2966244175357
275	100	gibbs	12.076	0.0788368232791906	4.62016178750543	9.22718278202225	19.0622248805618
275	100	cavi	0.0449999999999999	0.0826260306684303	4.63221363993252	9.23741779394122	19.061952768466
276	100	gibbs	12.037	-0.214895162085884	4.87416484597425	9.61183983912724	19.2301914141796
276	100	cavi	0.0439999999999987	-0.216343448288595	4.87946890781141	9.6121917528009	19.2294376236709
277	100	gibbs	12.043	-0.104520984448696	4.83203184414139	9.34129829593068	19.2613408724871
277	100	cavi	0.0449999999999999	-0.104898440735698	4.84018905989943	9.3474174179668	19.259939335485
278	100	gibbs	12.06	-0.00898833275291331	4.85510828292502	9.72726176944659	19.1757059082766
278	100	cavi	0.0440000000000005	0.00122999204722469	4.85674723458159	9.72393447121675	19.1778149911436
279	100	gibbs	12.069	-0.0283841559232678	4.7875958229726	9.32940383842081	19.6196530879782
279	100	cavi	0.0459999999999994	-0.0108071392417556	4.81264171873387	9.33455337102377	19.6194954280657
280	100	gibbs	12.044	-0.154318096991999	4.78802183475525	9.36462877553728	19.3402686831214
280	100	cavi	0.0449999999999999	-0.155556936358413	4.79302163532649	9.36522866743736	19.343883294705
281	100	gibbs	12.054	0.0662603024194733	4.89981326438329	9.42958445788637	19.0742638533853
281	100	cavi	0.0440000000000005	0.0694884574054272	4.90619095555604	9.4329197861024	19.0768439090168
282	100	gibbs	12.012	-0.275418246356734	4.75706559325807	10.0809302743097	19.1552788201697
282	100	cavi	0.043000000000001	-0.277413469270171	4.75528244271392	10.0829892713597	19.1525648299207
283	100	gibbs	12.061	0.290876490433242	5.05831081118618	9.36323527764738	19.098163859982
283	100	cavi	0.0440000000000005	0.289333552661958	5.06017002973949	9.36280323288401	19.1027636349683
284	100	gibbs	12.091	0.202368597301212	4.9184110699941	9.90293874323477	18.9717024049961
284	100	cavi	0.0449999999999999	0.204477658300162	4.92555707336168	9.90640976542496	18.9742754531813
285	100	gibbs	12.495	0.280836979981255	4.73812618870937	9.57476547566981	19.8696196026985
285	100	cavi	0.0440000000000005	0.283705199698212	4.73745954977596	9.57009353566083	19.8687430082494
286	100	gibbs	12.202	-0.238410126062978	4.94438937679149	9.1263286444654	19.3838489075267
286	100	cavi	0.0449999999999999	-0.240043660546479	4.93759074889387	9.12199890296493	19.3836451947508
287	100	gibbs	12.133	0.275766742519499	4.82715070621638	9.30922712007174	19.2072199731688
287	100	cavi	0.0440000000000005	0.275608326741569	4.8326575592977	9.31188589478684	19.2076060338639
288	100	gibbs	12.099	-0.00953946999419802	4.93297888692795	9.37953318952744	19.1388587167822
288	100	cavi	0.0589999999999993	-0.00588588359416069	4.93050565979232	9.37962047956211	19.1336993613818
289	100	gibbs	12.231	-0.0845238528151415	4.69189661963098	9.21035602693875	19.3897207456805
289	100	cavi	0.0489999999999995	-0.0873970863638932	4.68554237507613	9.18742735540554	19.3881432097521
290	100	gibbs	12.156	-0.357600046374252	4.73044883971755	9.3572535349893	18.9429786455844
290	100	cavi	0.0440000000000005	-0.358237889142842	4.73693301454743	9.36081175645478	18.9487521682774
291	100	gibbs	12.152	-0.459152380497675	4.7665114006236	9.70219229892098	19.0180376180128
291	100	cavi	0.0449999999999999	-0.463555955014528	4.76837818635762	9.70165491592165	19.0202266657791
292	100	gibbs	12.16	-0.180792797424748	4.70200665342194	9.62651946236383	19.0660791979879
292	100	cavi	0.0449999999999999	-0.181658868855112	4.70603754310044	9.63090817648403	19.0657130019674
293	100	gibbs	12.15	-0.10360776445189	4.85548642224774	9.32501659970554	19.1448558036896
293	100	cavi	0.0459999999999994	-0.112315377450249	4.84994258167133	9.3230439053063	19.1506078522691
294	100	gibbs	12.142	-0.350041555915059	4.76825380508173	9.72459094670953	18.97656208954
294	100	cavi	0.0449999999999999	-0.345764930118034	4.77019556972009	9.72872778762458	18.9760959883802
295	100	gibbs	12.15	-0.532772217776118	4.80786593568501	9.64474052994196	19.1659247024637
295	100	cavi	0.043000000000001	-0.536438348229308	4.80632941950927	9.64546757171987	19.1666762838096
296	100	gibbs	12.182	0.10794563170827	4.79068697193678	9.56027929354347	19.3583460034466
296	100	cavi	0.0449999999999999	0.108773871135144	4.79559891170657	9.56556834484241	19.358529653301
297	100	gibbs	12.153	0.260333575124412	4.57323397676087	9.54910247229849	19.2470948408243
297	100	cavi	0.048	0.275173669417612	4.59535800463631	9.55195983787169	19.2475712326096
298	100	gibbs	12.162	-0.205135193761908	4.52995399526938	9.57785612074944	18.9644415103992
298	100	cavi	0.0439999999999987	-0.206926256286673	4.52630623384824	9.58019975729942	18.9663300654536
299	100	gibbs	12.214	0.16542024698877	4.88885749584951	9.73451693859691	19.5497608374201
299	100	cavi	0.0440000000000005	0.167085544969827	4.89615856111302	9.73383506371742	19.5518370593299
300	100	gibbs	12.237	0.0695956608619852	4.62651348680117	9.4009289979524	19.2263731781149
300	100	cavi	0.0439999999999987	0.0721324042288507	4.62803957312502	9.39933278888708	19.223650085423
301	100	gibbs	7.781	0.154839942086385	4.70188669552347	9.38488336605217	18.7940778253501
301	100	cavi	0.0309999999999988	0.142625062192018	4.6952642070834	9.38829619617369	18.793338641183
302	100	gibbs	7.784	-0.166609570874858	4.84939915575751	10.0692282962991	19.2287800264637
302	100	cavi	0.0299999999999994	-0.163828961443738	4.85019060863182	10.0706833413801	19.2285427923537
303	100	gibbs	7.802	0.214057344914588	4.93324196907761	9.16303433516715	19.4072480079567
303	100	cavi	0.0309999999999988	0.211795979362718	4.93832943587985	9.17016687507497	19.4074725887112
304	100	gibbs	7.703	-0.245393418468967	4.15258191540803	9.45726697625571	18.8225152817241
304	100	cavi	0.0310000000000006	-0.246914068376383	4.160823657951	9.45421708168814	18.824541561877
305	100	gibbs	7.509	-0.19617786771299	4.56142531035879	9.07891314717287	19.1028933506856
305	100	cavi	0.0269999999999992	-0.193911930676688	4.56703575109555	9.07967359828002	19.1018578554615
306	100	gibbs	8.212	0.0764465798750956	4.67498668088913	10.0352285025912	19.4759012620125
306	100	cavi	0.0310000000000006	0.0779981524133549	4.67399690419468	10.0339513969611	19.4779260605209
307	100	gibbs	8.197	-0.124309355792844	4.61551067288861	9.41303194378745	18.9818427085128
307	100	cavi	0.032	-0.116993583745555	4.60818873661814	9.40967279059421	18.9843872177588
308	100	gibbs	7.764	-0.372937590866278	4.49931142256172	9.19776901424907	19.5345890540525
308	100	cavi	0.0299999999999994	-0.367768588610334	4.50091835021019	9.19797501861341	19.5348958288225
309	100	gibbs	7.969	-0.0270203525090022	4.64691090437567	9.62696199703106	19.4182446065853
309	100	cavi	0.0300000000000011	-0.0309505448918541	4.64672616067669	9.62760250317737	19.4191589347094
310	100	gibbs	7.782	0.0330550945825635	4.75251192578504	9.52871169320507	18.8202535299401
310	100	cavi	0.0299999999999994	0.0333387533312212	4.76642229983514	9.53781791063486	18.8218636438813
311	100	gibbs	7.898	0.0403882519367158	4.66679348971764	9.38536727284226	18.9299203735068
311	100	cavi	0.0299999999999994	0.0364792674736875	4.66949592819874	9.3978397536892	18.9308251418821
312	100	gibbs	7.861	0.248627420083663	4.42039174050719	9.65675416486209	18.2254974876283
312	100	cavi	0.0299999999999994	0.247711009378991	4.42227590077424	9.65621740182242	18.2268870844846
313	100	gibbs	7.993	0.0273402415066501	4.79378944321272	9.34575252015534	18.8488213019914
313	100	cavi	0.0289999999999999	0.0267687747836479	4.79641035950805	9.35073144179455	18.8511337609433
314	100	gibbs	8.194	0.238469970231507	4.38289427815549	9.7589269096887	19.1032069118972
314	100	cavi	0.0299999999999994	0.241077917624534	4.3856330883255	9.76400196568976	19.1012108881922
315	100	gibbs	8.133	-0.0640904866461719	4.55036060297119	9.69040192920169	19.4458473331664
315	100	cavi	0.0289999999999999	-0.0616186224231398	4.55087078160944	9.68942944369932	19.4432372175027
316	100	gibbs	7.875	0.0597371323532275	4.75494636572618	9.5656509720247	19.2201189552069
316	100	cavi	0.0299999999999994	0.0621203796800867	4.76445788848296	9.56664352034171	19.2190843863004
317	100	gibbs	8.18	-0.115637858381782	4.77649647950362	9.5962013123821	19.0228678349678
317	100	cavi	0.0299999999999994	-0.116994896543107	4.7748492054842	9.59445368965691	19.0235619425879
318	100	gibbs	7.978	-0.161833126407442	4.96843093586708	9.49610930034612	19.4730492425363
318	100	cavi	0.0310000000000006	-0.165826115938901	4.9744922802362	9.49603239949988	19.4689287426533
319	100	gibbs	8.052	0.245191448682368	4.87446038771379	9.24776616492384	19.4037748407105
319	100	cavi	0.0310000000000006	0.247507124054767	4.88232692645895	9.26281946399289	19.4035270757021
320	100	gibbs	8.086	-0.0619624864233864	4.81554172034692	9.81208972876937	19.6131705477595
320	100	cavi	0.0279999999999987	-0.0581590862909955	4.82418216194218	9.81309427146746	19.6137794025972
321	100	gibbs	8.097	-0.0419872875991978	4.73592778899717	9.60940521807969	19.0556900465107
321	100	cavi	0.0299999999999994	-0.0416164228185642	4.73782659915286	9.61245248843268	19.0595846083078
322	100	gibbs	8.048	-0.0807096458258359	4.60683399964427	9.36968232304728	19.0389046467227
322	100	cavi	0.0310000000000006	-0.0856817555352358	4.60678236856929	9.37786366345142	19.0383340279362
323	100	gibbs	8.079	0.106135703133343	4.60092451540679	9.5660323989026	19.1100059243095
323	100	cavi	0.0290000000000017	0.106023337072744	4.60320083896396	9.56684934548844	19.110569401424
324	100	gibbs	8.084	-0.149074422188261	4.61713502116471	9.49116542505893	19.2172415767967
324	100	cavi	0.0300000000000011	-0.149083433333792	4.62029588101761	9.48993126117348	19.2165453104033
325	100	gibbs	8.091	-0.144101090483211	4.6025300062959	9.72000462776993	19.2369519369037
325	100	cavi	0.0299999999999994	-0.142671168958524	4.61031380791652	9.72085055517586	19.2382766846282
326	100	gibbs	8.086	-0.00848008367403413	4.70953045905709	9.78149348999756	18.8175270696428
326	100	cavi	0.0289999999999999	-0.00869875017677188	4.71003987211546	9.77733184403153	18.8172188264811
327	100	gibbs	8.067	0.414517189831959	5.01065605524793	9.91748629679551	19.5339181656063
327	100	cavi	0.0279999999999987	0.413243576186386	5.01408064873524	9.91581650945267	19.5335933062046
328	100	gibbs	8.069	0.114739215530942	4.78159577568727	9.44292481761661	19.4455137624724
328	100	cavi	0.0310000000000006	0.118389132873002	4.78518301613872	9.4374366476607	19.4434298569981
329	100	gibbs	8.261	0.000126053703130305	4.76763098549993	9.40347190977234	19.4832364858874
329	100	cavi	0.0309999999999988	-4.26220541238927e-05	4.77102940335991	9.40554697335667	19.4864283590189
330	100	gibbs	8.244	0.0675844455037624	4.77670575254393	9.72162994794937	19.0207762735138
330	100	cavi	0.0310000000000006	0.0645926384434126	4.7798960859372	9.71628916168876	19.018951306596
331	100	gibbs	8.271	0.144340452921933	4.42826512279978	9.47991705429207	19.012319101499
331	100	cavi	0.032	0.141891021106	4.40977421184066	9.477349350043	19.0116256817134
332	100	gibbs	8.173	0.0265516468361177	4.60574248557044	9.7471452317971	19.4678789907707
332	100	cavi	0.0290000000000017	0.0298116719019429	4.6085536550992	9.74963554517418	19.4643864886033
333	100	gibbs	8.219	0.0327597354823034	4.71746777792035	9.49619848017231	19.1666365882454
333	100	cavi	0.0299999999999994	0.0392429215996021	4.72697293845972	9.50150373838571	19.1676885031731
334	100	gibbs	8.228	-0.0790328916802183	4.78937923232009	9.36815144867564	19.3820292923851
334	100	cavi	0.0310000000000006	-0.0825379211200019	4.8001702253314	9.37276317046111	19.3818005505861
335	100	gibbs	8.224	0.128923954540533	4.52830687987264	9.41929133917685	19.3852521855762
335	100	cavi	0.0299999999999994	0.133087368858248	4.53776743896605	9.4225268090228	19.3873287167836
336	100	gibbs	8.2	-0.155129623634972	4.6295615048754	9.53082628391509	18.7493717406618
336	100	cavi	0.0300000000000011	-0.156718540672129	4.63471244520334	9.53608057328473	18.751407347235
337	100	gibbs	8.263	0.186789091196032	4.84584748851986	9.73613217928471	18.7210908820387
337	100	cavi	0.0299999999999994	0.186830735476247	4.85004373713539	9.73592319892105	18.7246256432372
338	100	gibbs	8.228	0.287588974049973	4.4512258758192	9.53325615339174	19.4221575176887
338	100	cavi	0.0310000000000006	0.288576945269001	4.45202665572317	9.5336734835594	19.4225845921987
339	100	gibbs	8.196	0.0181881817794755	5.02178719546118	9.3767240888426	18.9976867364407
339	100	cavi	0.0310000000000006	0.0190447530080983	5.02426910362227	9.37822210873919	19.0004946409096
340	100	gibbs	8.237	-0.0364278145471996	4.69804863096345	9.9702283616322	19.4742008623795
340	100	cavi	0.032	-0.0318502549684973	4.70293178477177	9.9699058369993	19.4756172947867
341	100	gibbs	8.355	-0.119780605474431	4.79720438753768	9.35104282800116	19.1641112924894
341	100	cavi	0.0309999999999988	-0.109641954003665	4.8147358638422	9.357329620995	19.1661036174081
342	100	gibbs	8.323	-0.00611851341902435	4.62478361822933	9.36806303707718	19.5249734701642
342	100	cavi	0.032	-0.00616559664207705	4.60563759515128	9.35699005500671	19.5253848045352
343	100	gibbs	8.251	0.0669513132705314	4.74087742566319	9.77019876272945	19.6945848375789
343	100	cavi	0.0299999999999994	0.0666160488124087	4.74283299941161	9.76846685169675	19.6919250561169
344	100	gibbs	8.298	-0.12954141178239	4.90664446985258	9.80046426422115	19.0745723818468
344	100	cavi	0.0300000000000011	-0.129899578363846	4.90202744736513	9.79887134441904	19.0769255158021
345	100	gibbs	8.353	-0.0234216177918594	4.97505684971085	9.82829180622542	19.6770920600974
345	100	cavi	0.0289999999999999	-0.0215879126834617	4.97798392413791	9.83201611777514	19.6768874083456
346	100	gibbs	8.312	0.30421352560444	4.90129070391277	9.29268736675172	19.38605692181
346	100	cavi	0.0310000000000006	0.312936671373929	4.90558950092716	9.29101519885968	19.382744598149
347	100	gibbs	8.258	0.150328839901635	4.92992464062907	9.5095053418549	19.1682017577096
347	100	cavi	0.0300000000000011	0.147162566825024	4.93068168834122	9.50695308635015	19.1703831097635
348	100	gibbs	8.293	-0.089595093304355	4.76862661641848	9.48275571325261	19.4431243731441
348	100	cavi	0.0299999999999994	-0.0864153298045249	4.77031834605344	9.48252318097349	19.4396082993438
349	100	gibbs	8.31	0.282456490734464	4.28824233272821	9.43918323292135	18.9369368836742
349	100	cavi	0.0310000000000006	0.288177845593935	4.29392664789168	9.44004480885024	18.9315263731182
350	100	gibbs	8.348	-0.0176551355458825	4.91705037759221	9.42273332566357	18.6984120485106
350	100	cavi	0.0290000000000017	-0.016630481683999	4.92551568446663	9.42143208542269	18.6973088529578
351	100	gibbs	8.282	-0.394101542203129	4.49185685437982	9.67023518533691	19.2244387986317
351	100	cavi	0.0289999999999999	-0.395265331669376	4.49497365888689	9.67132528229558	19.2236517037638
352	100	gibbs	8.302	-0.117361500739976	4.88293670340514	9.75083015297168	18.8821365003711
352	100	cavi	0.0289999999999999	-0.117320895762158	4.88201657858114	9.74968994608059	18.884412639226
353	100	gibbs	8.292	-0.0562914858437546	4.60290680996997	9.69430674570889	18.9418163203798
353	100	cavi	0.0280000000000005	-0.0529339802377412	4.59901036638105	9.69053373267343	18.9435203918813
354	100	gibbs	8.281	0.31863377094732	4.48783229110084	9.3655546423737	18.8590326754375
354	100	cavi	0.0299999999999994	0.317332315623111	4.49214662435817	9.37007532577331	18.8560650025771
355	100	gibbs	8.319	-0.370927234549797	4.66924871530119	9.61355724643355	18.9239088916527
355	100	cavi	0.0289999999999999	-0.371604303675006	4.67388523155776	9.61948280977412	18.9279788639062
356	100	gibbs	8.361	-0.0124921576384573	4.79050831216286	9.64035769817531	19.3957057681616
356	100	cavi	0.0280000000000005	-0.0060603681796374	4.79916451246078	9.64108003162727	19.3959237534432
357	100	gibbs	8.37	0.361356495498633	4.82887282357394	9.37580944552601	19.0543711781104
357	100	cavi	0.0309999999999988	0.36623366841419	4.84414166340515	9.38230108960077	19.0547569463446
358	100	gibbs	8.333	0.0936970409629052	4.95151127705034	9.47623449907018	19.1814443073509
358	100	cavi	0.0280000000000005	0.0964481823002568	4.95454805249159	9.47722558298214	19.1860256678578
359	100	gibbs	8.33	-0.345903487112302	4.52920413854283	9.21791607993414	18.9401531107058
359	100	cavi	0.032	-0.345906001039613	4.52310393163071	9.21583015994917	18.9401395692533
360	100	gibbs	8.35	-0.0235019518253639	4.26146433819064	9.37045779162142	18.9545550285405
360	100	cavi	0.032	-0.0264772182442321	4.26432942781006	9.36939830384192	18.9530577298926
361	100	gibbs	8.347	0.0231754702991979	4.47784786832172	9.59596511565469	18.9278506865948
361	100	cavi	0.0310000000000006	0.0263882264784787	4.48665149100894	9.59887979403862	18.9278325581743
362	100	gibbs	8.31	0.149265405662404	4.95718665661663	9.75217169752088	19.0443224217437
362	100	cavi	0.0300000000000011	0.146598276869602	4.96269188307714	9.75797705294105	19.047483840058
363	100	gibbs	8.327	0.0382233714457675	4.89535581418288	9.94099997698546	19.2882348260987
363	100	cavi	0.032	0.050246546865357	4.935518547062	9.94761887097541	19.2875822500543
364	100	gibbs	8.3	-0.325020347582034	4.4310799318627	9.5319911446814	18.8985377113173
364	100	cavi	0.0300000000000011	-0.330234705299086	4.4281023709453	9.52919636793747	18.9009622090255
365	100	gibbs	8.385	-0.0162985023628724	4.94871092834066	9.77263011461729	19.4455028538692
365	100	cavi	0.0309999999999988	-0.0163880965701527	4.9471177528621	9.76635236444912	19.4451393618284
366	100	gibbs	8.31	0.11583960866093	4.77668404249827	9.53798001630235	19.3372636405686
366	100	cavi	0.0300000000000011	0.112680435275396	4.77258039064647	9.53838700497348	19.3358046428201
367	100	gibbs	8.339	-0.0258602573335537	4.67829139132313	9.05802582246739	19.5462766349115
367	100	cavi	0.032	-0.0238181412649003	4.69723342382169	9.07399981886818	19.5461390989122
368	100	gibbs	8.287	0.152511769497863	4.80457792749178	9.72121398274708	19.2769408684779
368	100	cavi	0.0289999999999999	0.147657778150885	4.80725741410428	9.72153356180178	19.2788246311702
369	100	gibbs	8.347	-0.102922708420602	4.34011041119011	9.37298822053295	19.2274265608245
369	100	cavi	0.0309999999999988	-0.101079015077581	4.34823034444519	9.37814204315122	19.2320616391245
370	100	gibbs	8.099	-0.244776595879552	4.39390559980141	9.86518968904442	19.2225421822369
370	100	cavi	0.0280000000000005	-0.246435550507886	4.39854613053747	9.87241606595028	19.2216928618446
371	100	gibbs	8.309	-0.176663447014094	5.14045355467618	9.6490820342804	19.1065027619353
371	100	cavi	0.0239999999999991	-0.177053813014781	5.14075177749568	9.64962206726911	19.1081879577722
372	100	gibbs	7.845	0.202157347918729	4.79273166365815	9.51759994624875	19.2487336348354
372	100	cavi	0.0299999999999994	0.208873463319121	4.79593237152309	9.52319345305427	19.2455938941374
373	100	gibbs	7.798	-0.237018918843622	4.55935442226856	9.75240400266446	19.0989206210724
373	100	cavi	0.0289999999999999	-0.243762562696449	4.55943390511737	9.7547822589654	19.0978989372813
374	100	gibbs	7.847	-0.0725137925527264	4.5656163441513	9.44166057269946	19.3415949324361
374	100	cavi	0.0300000000000011	-0.0728305931322811	4.57092345427473	9.44148854205866	19.3406075310542
375	100	gibbs	8.156	0.302616449574261	4.84185135677584	9.46221575573345	19.009342402965
375	100	cavi	0.0310000000000006	0.302824319812797	4.8461386941197	9.4606061487537	19.012399027544
376	100	gibbs	8.186	-0.0654613561999583	4.73035108102634	9.13723030987181	19.1669124596041
376	100	cavi	0.0310000000000006	-0.064558315861978	4.73607452279068	9.14401194954407	19.1676453305424
377	100	gibbs	7.827	0.322960378598415	5.0745474597526	9.53488379710497	19.2749438108196
377	100	cavi	0.0299999999999994	0.317537682892593	5.07468804879311	9.53780670025512	19.2754816874033
378	100	gibbs	7.823	-0.103153045588755	4.4481936550841	9.1759828026041	19.6147009139149
378	100	cavi	0.0299999999999994	-0.100446324616259	4.45636749356431	9.17923314187027	19.6145028646272
379	100	gibbs	7.992	0.209628706558975	4.55198368705003	9.32392811450619	18.846324331108
379	100	cavi	0.0299999999999994	0.209638088215095	4.55212249084243	9.32782768139866	18.8462963015992
380	100	gibbs	7.814	-0.200000841220382	4.60619699443591	9.54901958253543	19.2704825638261
380	100	cavi	0.0289999999999999	-0.19924142024727	4.60914365306077	9.54963099725668	19.2665262456764
381	100	gibbs	11.832	0.0561722915469471	4.95425698898416	9.71574265193369	19.4152586853023
381	100	cavi	0.0440000000000005	0.0527365995150143	4.95148782155297	9.71540234009546	19.4152384137008
382	100	gibbs	11.963	0.00385914141932393	4.81633091716706	9.81433131499581	19.5162919596191
382	100	cavi	0.0449999999999999	0.00569598573623222	4.82602240145968	9.82560576840356	19.5191218997023
383	100	gibbs	11.917	-0.117462858251451	4.65207630249093	9.61492321832903	19.3260366062567
383	100	cavi	0.0470000000000006	-0.0999122858720221	4.674247647195	9.61836753840501	19.3270478210283
384	100	gibbs	11.947	-0.169772122072471	4.73435414094401	9.6750328078405	19.313083890067
384	100	cavi	0.0449999999999999	-0.165012840530491	4.73691949741348	9.67161298194589	19.3131062574009
385	100	gibbs	7.926	0.545862440845516	5.01168718262019	9.44669919726981	19.1361857716302
385	100	cavi	0.0300000000000011	0.55033095604552	5.01665595503134	9.44934212983823	19.1376111249127
386	100	gibbs	7.854	0.0252566341719722	4.37106796135691	9.37492755491293	19.179079957991
386	100	cavi	0.0300000000000011	0.0278668872945909	4.38464460918451	9.37938302681543	19.1847054274324
387	100	gibbs	7.974	0.32178748361418	4.7981590641315	9.56128723973276	19.0660388705903
387	100	cavi	0.0289999999999999	0.327493781543036	4.79768463578152	9.56049512989026	19.0692335316638
388	100	gibbs	8.173	0.0179911367926501	4.32215175339809	9.53124437585685	19.2171294609061
388	100	cavi	0.0310000000000006	0.0182139994678233	4.32435717235878	9.53402294606133	19.2175011870967
389	100	gibbs	8.16	0.138466090911931	4.67729279742861	9.61900177029882	18.9828871017828
389	100	cavi	0.0310000000000006	0.138663235767148	4.67952605475132	9.61762745856225	18.9808095851918
390	100	gibbs	8.197	-0.231288342959999	4.82414406958635	9.72056507804708	19.1197334981031
390	100	cavi	0.0310000000000006	-0.22535790612162	4.83403104510231	9.72504374717335	19.1180272003963
391	100	gibbs	8.037	-0.11913379241928	4.22635865076736	9.12619765159588	19.3730716916487
391	100	cavi	0.0310000000000006	-0.113133684612221	4.23500619955001	9.12591776613895	19.3700183269658
392	100	gibbs	12.036	0.000385755895913274	4.78018517769179	9.44669653730365	19.1604246820087
392	100	cavi	0.0449999999999999	0.00602671983450399	4.78712978339998	9.44690001781724	19.1613924055211
393	100	gibbs	12.003	0.265593303962081	5.02996196977671	9.6636557994593	19.4387148666781
393	100	cavi	0.0459999999999994	0.266252236793701	5.02483513365538	9.66432103872886	19.4418083046795
394	100	gibbs	11.984	-0.326744563486565	4.76574325472141	9.86161097674072	19.3306701670469
394	100	cavi	0.0449999999999999	-0.324588932362751	4.76448798421307	9.86493451816284	19.3316067855387
395	100	gibbs	12.081	-0.0587192213585412	4.80614114082851	9.29146896781666	19.3362109520019
395	100	cavi	0.0440000000000005	-0.0551563260982038	4.80975887668217	9.29145770161283	19.3346257079593
396	100	gibbs	12.139	-0.217121041469512	5.03458776352763	9.54300431989547	18.7045615685457
396	100	cavi	0.0470000000000006	-0.221667984727816	5.04078853554127	9.54345511454266	18.7062926564799
397	100	gibbs	12.038	-0.123657321470637	4.81394902698424	9.20151445089419	19.2938261225013
397	100	cavi	0.0459999999999994	-0.121985012227858	4.82811860805149	9.21223801437701	19.2968485942234
398	100	gibbs	12.077	0.0886234325052882	4.92771271234729	9.54703787564052	19.4383861552691
398	100	cavi	0.0449999999999999	0.0890840992781314	4.93073941089237	9.55096371211579	19.4403502393967
399	100	gibbs	12.057	0.0896854933955338	4.34675956681415	9.38899170697658	19.294989064227
399	100	cavi	0.0449999999999999	0.0930834153152557	4.35553388294243	9.39600675819765	19.2961261876155
400	100	gibbs	12.04	0.364768159767692	5.17220794377011	9.15601700830405	19.2892705501097
400	100	cavi	0.0440000000000005	0.364687865793234	5.17229099498756	9.15594052626835	19.2905275123679
401	100	gibbs	11.978	0.130125994093591	4.99034076352325	9.23244009500911	19.3381697563631
401	100	cavi	0.0440000000000005	0.129960883739254	4.99424980522918	9.22796251452283	19.3411323576641
402	100	gibbs	12.153	0.104536230363466	4.84824181225302	9.71787923737335	18.8181119986416
402	100	cavi	0.0459999999999994	0.105263763962935	4.84791002225428	9.71131448262215	18.8155578740726
403	100	gibbs	12.038	0.0495442673290898	4.67470149214065	9.7638296852638	18.7862010014578
403	100	cavi	0.0429999999999993	0.0513089304812778	4.67876243560204	9.76556897666529	18.7814984202609
404	100	gibbs	12.079	-0.0843759877748339	4.7974667299023	9.64199036391453	19.1440746743802
404	100	cavi	0.0440000000000005	-0.0831723581880509	4.79702355028214	9.64096351374197	19.1445851928684
405	100	gibbs	12.477	-0.431320319589612	4.91246834812798	9.55830226933297	19.3855051942908
405	100	cavi	0.0440000000000005	-0.42004956428404	4.91354966132261	9.55959210993501	19.383974562747
406	100	gibbs	12.139	-0.226480152086907	4.89309807353366	9.57580621707231	19.4623673574784
406	100	cavi	0.0459999999999994	-0.224014516457263	4.89603869664585	9.57892788339717	19.4609134888786
407	100	gibbs	12.114	0.0870060016365877	4.61640589036151	9.61803718344654	19.6676951920913
407	100	cavi	0.0449999999999999	0.0878113021772571	4.62069272894229	9.62032550434252	19.6682332183597
408	100	gibbs	12.162	-0.181816854597358	4.80189225257857	9.84275717433859	18.5389709418411
408	100	cavi	0.0449999999999999	-0.184744268142718	4.80613841282257	9.84566493660783	18.5365805476105
409	100	gibbs	12.141	-0.0923439843348273	4.72366595574832	9.52121366345455	19.0268821037857
409	100	cavi	0.0449999999999999	-0.0927397978080684	4.7341045920191	9.53064149592852	19.0299989745396
410	100	gibbs	12.123	-0.179987566210941	4.04422923099183	9.45741522035458	19.6554290593686
410	100	cavi	0.0490000000000013	-0.165106604132339	4.05178037999227	9.45725193972009	19.6559729073628
411	100	gibbs	12.141	0.0032895523130002	4.62722503232961	9.44799037786535	19.4363073361328
411	100	cavi	0.0429999999999993	0.00259906955279003	4.6289999365379	9.45286742186453	19.4334455150133
412	100	gibbs	12.145	-0.280142945219058	5.16012791677957	9.72997783949969	19.0977326869372
412	100	cavi	0.0440000000000005	-0.272838224673682	5.16804493612208	9.73392640018648	19.0962444490824
413	100	gibbs	12.095	-0.0573956531577344	4.33816163995943	9.87690771610376	19.0036438126491
413	100	cavi	0.0459999999999994	-0.060043564810628	4.33048868613299	9.87451005416656	19.0047884969079
414	100	gibbs	12.105	0.169963921217777	4.24646064888728	9.40729826581614	19.2569581776021
414	100	cavi	0.0459999999999994	0.168650089111872	4.25170849167333	9.40792715520161	19.2568793843799
415	100	gibbs	12.126	0.0628924702720254	4.856315216376	9.29961069512397	19.4279246723227
415	100	cavi	0.0439999999999987	0.0594892110865673	4.86360542155612	9.3039402366832	19.4340625073237
416	100	gibbs	12.108	-0.158159448955194	4.79239745822212	9.4264811488673	19.2803627205234
416	100	cavi	0.0449999999999999	-0.158389734910633	4.79347986850622	9.42841791600425	19.2780345282384
417	100	gibbs	12.141	0.14588497743206	4.97661025083803	9.2071632704524	19.196960549142
417	100	cavi	0.0439999999999987	0.145342972328576	4.97802423136454	9.21135634568649	19.1985338727424
418	100	gibbs	12.223	0.0548444297507946	4.38395704618313	9.39540963012732	19.3873653545576
418	100	cavi	0.0450000000000017	0.0566617170575785	4.38652176087804	9.39422381793542	19.3890318555199
419	100	gibbs	8.075	0.00671057399356098	4.8611313727971	9.33433464739082	19.0808043753218
419	100	cavi	0.0310000000000006	0.00439930412007599	4.85740178238019	9.32882061173679	19.0779697948464
420	100	gibbs	8.131	-0.305658470539497	4.55997201203517	9.72815283453687	18.9723479711013
420	100	cavi	0.0299999999999994	-0.304499432626519	4.56008574687199	9.72690535992416	18.9712780631158
421	100	gibbs	8.134	0.11439679462451	5.03230307070203	9.2842631432871	19.3141977418745
421	100	cavi	0.0310000000000006	0.1164337847158	5.04558987916673	9.30265870684824	19.3135911143818
422	100	gibbs	8.133	0.0852754623954748	4.78002083143027	9.74585356767841	19.2172931004165
422	100	cavi	0.0300000000000011	0.0857786234697363	4.78669597361548	9.74686036731239	19.2142599659453
423	100	gibbs	8.117	-0.101029587114803	4.61850780790195	9.42807089678139	19.2782330106068
423	100	cavi	0.0300000000000011	-0.100911693713571	4.62131595484221	9.43219654660672	19.2775513432706
424	100	gibbs	8.114	-0.172697583654074	4.64975965939901	9.6241190006801	18.8197018063665
424	100	cavi	0.0299999999999994	-0.173524072269265	4.65479745317994	9.63085899716693	18.8192785778853
425	100	gibbs	8.146	-0.0507715233356728	4.75125085502863	9.52470703511766	19.1778881977841
425	100	cavi	0.0289999999999999	-0.0488283033358411	4.75777931150011	9.52909776322407	19.1802129126894
426	100	gibbs	8.12	0.0537436429602119	4.64880432230785	9.61772276418575	19.2313266197967
426	100	cavi	0.0299999999999994	0.0561670326769845	4.65806776681286	9.62027851198439	19.2340338777884
427	100	gibbs	8.146	-0.135931690111069	4.62445681558378	9.2957982787236	19.1507133599267
427	100	cavi	0.0299999999999994	-0.128656595629446	4.6358863755759	9.30227589327563	19.1493453728161
428	100	gibbs	8.121	-0.226391017910936	4.96735172533664	9.51486069905808	19.4209947028759
428	100	cavi	0.0299999999999994	-0.221764863018976	4.96820841190026	9.51527055602945	19.4202522499985
429	100	gibbs	8.279	-0.0404590731972009	4.76862492533827	9.42097358899222	19.5233271863649
429	100	cavi	0.0300000000000011	-0.0398488321241712	4.7614598430008	9.41946683810233	19.5223677102787
430	100	gibbs	8.295	0.0608391801609851	5.02449172455133	9.80455499417656	18.9863214569737
430	100	cavi	0.0299999999999994	0.0619677697824769	5.02488252537054	9.80547291988115	18.9818139986891
431	100	gibbs	8.298	-0.102995075590976	4.5890499389639	9.65893064697993	19.208634851667
431	100	cavi	0.0299999999999994	-0.101370966170571	4.58740616374598	9.65871208969924	19.208388595141
432	100	gibbs	8.262	0.115745792601013	4.71291024562	9.37888516841389	19.5678588548995
432	100	cavi	0.0310000000000006	0.116272918840212	4.71597859188503	9.37983017967089	19.5708931863287
433	100	gibbs	8.258	0.0155607114661221	4.36679234879809	9.66277405614341	19.0941020460936
433	100	cavi	0.0309999999999988	0.020180429336346	4.36714955656276	9.66309241291198	19.0960892590648
434	100	gibbs	8.322	0.012675617153581	4.44615377707432	9.84105767218141	19.019064394858
434	100	cavi	0.0310000000000006	0.0123989608499475	4.44265238194935	9.84027604010851	19.0151218546427
435	100	gibbs	8.312	0.0272870942722045	4.81878130967255	9.50668962236574	19.0238412570095
435	100	cavi	0.032	0.0287345641485555	4.82314773951699	9.50746627665153	19.0234260264936
436	100	gibbs	8.351	0.178542576373952	5.02426868727722	9.90201488319064	19.1117691290741
436	100	cavi	0.0300000000000011	0.178728178784571	5.02585006637599	9.90373474160799	19.1089446009979
437	100	gibbs	8.264	0.0355069201540419	4.71648891485728	9.92908594946894	19.3776234024667
437	100	cavi	0.0299999999999994	0.0341423342766311	4.71805446906158	9.92781627320233	19.3789915111094
438	100	gibbs	8.283	0.205818453187638	4.61735936555633	9.42732004836367	19.0635168772666
438	100	cavi	0.032	0.207507039474963	4.61518334548707	9.4306091696494	19.0605085955169
439	100	gibbs	8.257	-0.114050798649617	4.64470253858199	9.55191862244373	19.3349458969259
439	100	cavi	0.0310000000000006	-0.107892955680452	4.65662553762812	9.55736209351791	19.3346589158942
440	100	gibbs	8.326	-0.183529166270965	4.56986460355746	9.45147732840213	19.0819595796634
440	100	cavi	0.0299999999999994	-0.184205683806983	4.57556206930611	9.45162181340533	19.0785335233091
441	100	gibbs	8.084	-0.249944053829763	4.99268485453741	9.67161409118832	19.3641603800599
441	100	cavi	0.0310000000000006	-0.253606539741741	4.99039964826286	9.6688288776072	19.361330021809
442	100	gibbs	8.354	-0.0503900119490771	5.00190072449817	9.64958917048877	19.1245470066655
442	100	cavi	0.0309999999999988	-0.0506542524355376	5.00306709055471	9.64780734633017	19.1234592397328
443	100	gibbs	8.357	0.0152347343783733	4.74590903079651	9.80928423240314	19.2123276003411
443	100	cavi	0.0309999999999988	0.0108983063453686	4.743754013402	9.81138267196675	19.2091957678159
444	100	gibbs	8.313	-0.0758076907868925	4.74151262067148	9.23510113748233	18.99572031679
444	100	cavi	0.0309999999999988	-0.0746069856754863	4.74572492852551	9.23282597727818	18.9999615652809
445	100	gibbs	8.331	0.453787528908625	4.86346403285167	9.6888603684575	19.3786138346791
445	100	cavi	0.0329999999999995	0.45985042503718	4.86282035732586	9.68805546621796	19.3801903222195
446	100	gibbs	8.36	0.0277289661167218	4.64569236674115	9.70097145072412	19.3623632377554
446	100	cavi	0.032	0.0289465298731784	4.651131344452	9.70099500334193	19.3558593985214
447	100	gibbs	8.368	-0.0380017662558498	4.84323355465682	9.80110699139316	19.1704933240494
447	100	cavi	0.0310000000000006	-0.0408377724866666	4.852037359962	9.80291189034434	19.1674163581841
448	100	gibbs	8.318	0.416314990733024	4.39471337166006	9.83244894126062	19.0199910980521
448	100	cavi	0.0309999999999988	0.417180276125441	4.39830498376984	9.83444979841868	19.017816774455
449	100	gibbs	8.323	0.332432980605915	4.49818969582175	9.42702013561101	19.2961124071443
449	100	cavi	0.0310000000000006	0.336652128556634	4.50978904096509	9.42932276538228	19.2938736023832
450	100	gibbs	8.373	-0.0438638136963596	4.738555394768	9.53168292205216	19.3392887949347
450	100	cavi	0.032	-0.0397354530804384	4.74062291121894	9.52554908999181	19.3374962387065
451	100	gibbs	8.315	-0.393200290618953	4.59626661457802	9.66361973092294	19.0629007963556
451	100	cavi	0.0310000000000006	-0.390767200683468	4.59684009162606	9.66108840624772	19.0602444489373
452	100	gibbs	8.334	-0.281117653070333	4.61189475934107	9.7068688527635	19.4667549394721
452	100	cavi	0.0299999999999994	-0.279702049976819	4.61174235577056	9.71149519522129	19.4662086979013
453	100	gibbs	8.364	-0.0777515293029496	4.73101772287118	9.61376439067971	18.9834413772867
453	100	cavi	0.0300000000000011	-0.07466426313463	4.73434705264617	9.61770722815378	18.9859495082009
454	100	gibbs	8.309	-0.207521794089724	4.62539105656509	9.59713575594352	19.145214578407
454	100	cavi	0.0310000000000006	-0.205514648686846	4.63335437643848	9.60295377736194	19.1453464685334
455	100	gibbs	8.317	-0.261474014022626	5.0578643288247	9.66210078522206	19.2484857503266
455	100	cavi	0.0289999999999999	-0.262025044287696	5.05868439884991	9.66602022849612	19.2484967845385
456	100	gibbs	8.338	0.420704100766357	4.63742315320214	9.46551077201213	19.1635717116947
456	100	cavi	0.032	0.421086650724496	4.64077379269663	9.46988849690162	19.1638776345184
457	100	gibbs	8.313	0.188225644619457	4.67670612209622	9.23027606487088	19.021764094492
457	100	cavi	0.0309999999999988	0.191596675565372	4.67585891639202	9.23244770637816	19.0217554470663
458	100	gibbs	8.317	0.298560024939072	4.70407431523995	9.27986872550907	19.3598202617167
458	100	cavi	0.0310000000000006	0.304266253624373	4.71314552140874	9.28496067056661	19.3589167844055
459	100	gibbs	8.319	-0.0769118693847226	4.48157464297903	9.42776744138752	19.3018641241281
459	100	cavi	0.0300000000000011	-0.0773041654291508	4.48383323665646	9.42719544306476	19.305270310492
460	100	gibbs	8.3	-0.229493087048014	4.1746960495872	9.68066382919281	19.3299123760863
460	100	cavi	0.032	-0.228549753968951	4.16721124576964	9.68097948741223	19.3321171101816
461	100	gibbs	8.317	-0.12815231290805	4.3432693296979	9.5537612178482	18.9877238546816
461	100	cavi	0.0310000000000006	-0.126271800776304	4.34025525829365	9.55287331825235	18.9864921094695
462	100	gibbs	8.329	-0.297327949815218	4.47707489090238	9.65420109368074	19.4221826884591
462	100	cavi	0.0299999999999994	-0.293164569652427	4.48217611755758	9.66304961917666	19.4207098285333
463	100	gibbs	8.303	-0.261907516210802	4.66628168158216	9.41194884168817	19.5818275933504
463	100	cavi	0.0299999999999994	-0.261404696473874	4.66728645431035	9.41144099123575	19.5841212336979
464	100	gibbs	8.376	-0.148687717279316	4.61975329760137	9.44142277920975	19.1181288170066
464	100	cavi	0.0300000000000011	-0.145137916775238	4.62614940916462	9.44300165758653	19.1180260094688
465	100	gibbs	8.293	-0.120561873615259	4.66419619771748	9.38821180004314	19.4824757574337
465	100	cavi	0.0310000000000006	-0.118717689388415	4.67524951677498	9.39166836973167	19.4840983946846
466	100	gibbs	8.079	-0.244758942414513	4.61785308862342	9.58898163616743	19.8209563619767
466	100	cavi	0.0299999999999994	-0.24318791806278	4.63110396709254	9.59193036183701	19.8202870217155
467	100	gibbs	8.284	-0.261519111473938	4.88839259981879	9.41204003571428	18.9608090521758
467	100	cavi	0.0310000000000006	-0.262533202001595	4.89362018156491	9.41590643390535	18.9559882693065
468	100	gibbs	8.314	-0.0360004731979409	4.83675298645382	9.38952567070322	18.9573367241518
468	100	cavi	0.0299999999999994	-0.0378067016371308	4.83198045734746	9.38975530235507	18.9557825429184
469	100	gibbs	7.958	0.202453039813441	4.8665626309711	9.51357286662832	19.3033217389054
469	100	cavi	0.027000000000001	0.203535333269866	4.86965290925706	9.51430030276178	19.3033447809726
470	100	gibbs	7.944	-0.150471860027302	4.27753067677499	9.74028981621813	18.8300830464369
470	100	cavi	0.0300000000000011	-0.152879215052337	4.28184605672856	9.73700064254326	18.825717860911
471	100	gibbs	7.957	-0.249878757802859	4.73775190345123	9.30830737722909	19.1255123313473
471	100	cavi	0.0279999999999987	-0.242487389446429	4.74244589489156	9.31245070949229	19.1239109259345
472	100	gibbs	7.974	-0.202608624920714	4.46876124430995	9.62595153408851	19.2100843767351
472	100	cavi	0.0299999999999994	-0.187462877244883	4.48243051724134	9.63509236155461	19.2097180346621
473	100	gibbs	8.159	-0.1296473469914	4.81413324533959	9.61801294509575	19.4353573340377
473	100	cavi	0.0250000000000004	-0.122017165771116	4.81764510840841	9.62219771052959	19.4381837784825
474	100	gibbs	7.997	-0.360563489022209	5.0921643239174	9.65439859435043	19.2164369317079
474	100	cavi	0.0280000000000005	-0.360981734969423	5.09420383777398	9.6545396821627	19.2185556730975
475	100	gibbs	8.246	0.215356092745004	4.96763638470436	9.51326179238542	18.8758365840155
475	100	cavi	0.0289999999999999	0.212832542791646	4.9668673429829	9.51107122988646	18.8768035572743
476	100	gibbs	8.261	-0.309348175272873	4.71573358838287	9.6863761712763	19.1102403885158
476	100	cavi	0.0299999999999994	-0.320688090621086	4.71292525058267	9.68502814353445	19.1073117247846
477	100	gibbs	7.982	-0.13720180302875	5.24107999011304	9.88677698500237	19.1682942916809
477	100	cavi	0.0289999999999999	-0.140425496503582	5.24073035369063	9.8861620216175	19.1663481948038
478	100	gibbs	7.952	-0.0548641832924814	4.09170812919641	9.51070358988933	19.4011112771098
478	100	cavi	0.0299999999999994	-0.0407698243417596	4.10635661612019	9.51175288766336	19.3992484209319
479	100	gibbs	8.164	-0.295303768648331	4.92636632946335	9.79328647251512	19.0969814202764
479	100	cavi	0.0289999999999999	-0.296242934278632	4.92510856268984	9.79570151854266	19.0961901664024
480	100	gibbs	7.941	-0.0511090552928856	4.76846457431298	9.44628907457533	19.1735914519154
480	100	cavi	0.0289999999999999	-0.049672539729883	4.77326400794245	9.44696785143395	19.1725738783431
481	100	gibbs	7.861	0.0577882179944429	4.76036473041382	9.51753865111809	19.1377384525365
481	100	cavi	0.0310000000000006	0.0558607353456131	4.77011254518257	9.52270168989821	19.1392766547135
482	100	gibbs	7.861	0.0146031329000639	4.57522761175131	9.76456635099585	18.9407128056822
482	100	cavi	0.0300000000000011	0.0161298653815045	4.5837092179886	9.76785351379619	18.9416124692072
483	100	gibbs	7.931	0.0142873405343071	4.67546155689003	9.6615413778363	19.1423956707051
483	100	cavi	0.0289999999999999	0.00978009509776332	4.6740117513382	9.6664786083736	19.1378771033925
484	100	gibbs	8.207	0.217294394905125	4.69723221459065	9.51949622241891	19.1270771966746
484	100	cavi	0.0289999999999999	0.210784498881536	4.69661403636622	9.52220425186562	19.1287405201003
485	100	gibbs	8.01	-0.0332569875657728	4.68486462881792	9.12306143531525	19.0938813363291
485	100	cavi	0.0289999999999999	-0.0277965974014572	4.6930372973477	9.1319256100736	19.094081217851
486	100	gibbs	8.191	0.229607515803796	4.78194941926118	9.39906261835895	19.2782163276366
486	100	cavi	0.0310000000000006	0.233675090496585	4.77796088612314	9.39712906992012	19.2797633038401
487	100	gibbs	8.128	0.327919416417762	4.6766135292362	9.80849219016606	19.5291938059883
487	100	cavi	0.0299999999999994	0.335027029943966	4.69655366092957	9.81450218727549	19.5274274414243
488	100	gibbs	7.855	0.0645237860023661	4.87549194091759	9.67097787519421	19.2943811896153
488	100	cavi	0.0299999999999994	0.0654824621794704	4.87522578166676	9.67148145259634	19.2925575632773
489	100	gibbs	8.19	0.0847261017550017	4.61407416504697	9.61963727631554	18.9745749921557
489	100	cavi	0.0310000000000006	0.0794044610150671	4.61345545585731	9.6249126991615	18.9721527212955
490	100	gibbs	7.989	0.11903935689675	4.88565874870507	9.55406877036974	19.6657501648883
490	100	cavi	0.0300000000000011	0.119112344965837	4.88963802847621	9.55794887398103	19.6681110080238
491	100	gibbs	8.106	0.0328619503778818	4.74044297517676	9.74009304594779	18.7715397508734
491	100	cavi	0.0429999999999993	0.0354143227769548	4.73583275788024	9.74055004350957	18.7706503028244
492	100	gibbs	12.032	-0.31584788395962	4.94915084218923	9.68891061264702	19.3368411655292
492	100	cavi	0.0459999999999994	-0.309203108586679	4.95555834682907	9.68770896273943	19.3413381339011
493	100	gibbs	12.063	0.176705284733232	4.84857045660668	10.0445784427088	19.0647208016735
493	100	cavi	0.0449999999999999	0.176191864861226	4.85324084826941	10.0460941085447	19.0676910195045
494	100	gibbs	12.116	-0.204574342645509	5.07421194846243	9.25899496365609	19.0838069351628
494	100	cavi	0.0460000000000012	-0.205291381693327	5.0770263906008	9.25279938118381	19.0851236039441
495	100	gibbs	12.216	-0.0857841115083155	5.02715200973799	9.75676500941798	19.1648416985897
495	100	cavi	0.0440000000000005	-0.0813664951428927	5.02643884313513	9.75607149253044	19.1627134553021
496	100	gibbs	8.203	-0.204561077274653	4.47803742879328	9.58992626538357	19.4453095815499
496	100	cavi	0.0310000000000006	-0.199383590188935	4.47862051239557	9.59071238140438	19.4444053643677
497	100	gibbs	8.128	-0.300403246571366	4.8510794779096	9.83020652323421	19.2662253940626
497	100	cavi	0.0300000000000011	-0.295610012659516	4.85359342801137	9.8302674917368	19.2667849714952
498	100	gibbs	8.131	0.0320349332547945	4.83330236048707	9.23330697823215	19.2846915461575
498	100	cavi	0.0299999999999994	0.0306963199438279	4.83093740609131	9.23173154115108	19.2890270791229
499	100	gibbs	8.159	-0.100723031237025	5.07707820207804	9.51341542590474	18.8526476464976
499	100	cavi	0.0299999999999994	-0.100647336216491	5.08181756552525	9.5139237452628	18.850658450277
500	100	gibbs	8.167	-0.17986784338709	4.6411681478814	9.62555857336857	19.4913880486303
500	100	cavi	0.0300000000000011	-0.1791933190288	4.64683464843572	9.62803442332773	19.4883011428642
